TITLE = "Merged Wall Cp"
VARIABLES = "X" "Y" "Z" "Density (kg/m^3)" "Pressure (N/m^2)" "V1-velocity (m/s); Velocity" "V2-velocity (m/s)" "V3-velocity (m/s)" "Static temperature (K)" "nutilde (m^2/s)" "wall distance (m)" "turbulent viscosity (kg/m s)" "y-plus" "u-plus" "laminar viscosity (kg/m s)" "thermal conductivity (W/m/K)" "SF1-shear stress (Pa); Shear" "SF2-shear stress (Pa)" "SF3-shear stress (Pa)" "Classical heat flux (W/m^2)" "Gresho heat flux (W/m^2)" "Cp"
ZONE T="MergedWall", N=261, E=261, DATAPACKING=POINT, ZONETYPE=FELINESEG
0.07826322527427497 0.02026491577495835 0.0 1.252724169949932 98671.92527935168 0.0 0.0 0.0 274.3941834424067 2.052148617332512e-05 0.0 2.426891791512636e-05 0.5230881241979649 0.2118229283713061 1.667512077614327e-05 0.02325338346663681 20.32150412857256 0.5075239094541901 0.0 -3644.46029398256 -3718.218155501081 -0.8796360119297684
0.08018280431522767 0.02030487628443554 0.0 1.252886189546283 98684.68689590576 0.0 0.0 0.0 274.3941834424067 2.028940693359221e-05 0.0 2.399374069806715e-05 0.5172902122355222 0.210612171899566 1.667512077614327e-05 0.02325338346663681 19.87444151372644 0.3363225209281841 0.0 -3601.64052429457 -3669.56329839708 -0.8719341124737343
0.0821015503281298 0.02032969386985074 0.0 1.253065392502249 98698.80197495116 0.0 0.0 0.0 274.3941834424067 2.006944549847562e-05 0.0 2.373342530421992e-05 0.5113642011610714 0.2097059671009223 1.667512077614327e-05 0.02325338346663681 19.42099096517344 0.1771223655565448 0.0 -3558.287984044926 -3627.762753821129 -0.8634153704193156
0.0840193794535964 0.02033969488223216 0.0 1.25325691111177 98713.88710732233 0.0 0.0 0.0 274.3941834424067 1.983986522789916e-05 0.0 2.346180133084992e-05 0.5055308964165545 0.2085853206761852 1.667512077614327e-05 0.02325338346663681 18.97842699116606 0.02943688644383221 0.0 -3516.2099715367 -3582.017802224542 -0.8543111811254803
0.08593621230450109 0.02033547813116363 0.0 1.253457052158421 98729.65139356676 0.0 0.0 0.0 274.3941834424067 1.962577063214164e-05 0.0 2.320889260107751e-05 0.4997518780818098 0.2077339905579824 1.667512077614327e-05 0.02325338346663681 18.54384141482989 -0.1074147060704325 0.0 -3474.272919552181 -3542.505258681525 -0.8447971084266002
0.08785198185912209 0.02031733236857029 0.0 1.253664773190953 98746.01272409156 0.0 0.0 0.0 274.3941834424067 1.939610448247108e-05 0.0 2.29374387884623e-05 0.494207253524004 0.2064598909312731 1.667512077614327e-05 0.02325338346663681 18.13059234951239 -0.2326474911391939 0.0 -3433.844418085039 -3495.074654621114 -0.8349227071597292
0.08976663735200066 0.02028618623428466 0.0 1.253873791194186 98762.47621165875 0.0 0.0 0.0 274.3941834424067 1.921387173019616e-05 0.0 2.272284770210073e-05 0.4890585426291638 0.2059113328591005 1.667512077614327e-05 0.02325338346663681 17.7498596298196 -0.3509741950800752 0.0 -3396.950008964889 -3463.429366528488 -0.8249866520055245
0.09168011200875019 0.02024149788171191 0.0 1.25408296047282 98778.95161456642 0.0 0.0 0.0 274.3941834424067 1.900663370955416e-05 0.0 2.247826019356089e-05 0.4838704406980975 0.2048456558011034 1.667512077614327e-05 0.02325338346663681 17.3696327289004 -0.4651125985327295 0.0 -3359.503073930245 -3422.58514696722 -0.8150434056969718
0.09359235504817076 0.02018359510801249 0.0 1.254299853596286 98796.03539293168 0.0 0.0 0.0 274.3941834424067 1.879991562603289e-05 0.0 2.22344115741266e-05 0.478681385503685 0.2037840540619137 1.667512077614327e-05 0.02325338346663681 16.99273660211504 -0.571164594015081 0.0 -3322.325343302082 -3382.159090585714 -0.8047329922206898
0.09550332339986553 0.02011285570616188 0.0 1.254517933650413 98813.21266093841 0.0 0.0 0.0 274.3941834424067 1.86183206894428e-05 0.0 2.202066729419279e-05 0.4735960978083958 0.2031619816884053 1.667512077614327e-05 0.02325338346663681 16.62650376016072 -0.6736078749310798 0.0 -3286.6127375364 -3351.170059901212 -0.7943661558127333
0.09741293806479193 0.02002865858197244 0.0 1.254741446581197 98830.8178542717 0.0 0.0 0.0 274.3941834424067 1.839950387457659e-05 0.0 2.17623821957222e-05 0.4683698739782383 0.2018351354299413 1.667512077614327e-05 0.02325338346663681 16.25382919321892 -0.771401790460349 0.0 -3250.070211371678 -3306.905626950683 -0.7837410576221996
0.0993211638531232 0.01993151461828867 0.0 1.254971088291622 98848.90578634456 0.0 0.0 0.0 274.3941834424067 1.821182142565726e-05 0.0 2.154148638419346e-05 0.4630249334947649 0.201197884646217 1.667512077614327e-05 0.02325338346663681 15.8764258250159 -0.8649504522068812 0.0 -3213.549243646311 -3276.353899337686 -0.7728246166209887
0.1012279027492088 0.01982065582555816 0.0 1.255207988691069 98867.56545546699 0.0 0.0 0.0 274.3941834424067 1.798164221014335e-05 0.0 2.126976104472708e-05 0.4574106977791972 0.1998111537049487 1.667512077614327e-05 0.02325338346663681 15.48453451266396 -0.9540597516550429 0.0 -3175.604396845144 -3231.721542515424 -0.7615631204888378
0.1031331161961879 0.01969647445369709 0.0 1.255455309275768 98887.04587968072 0.0 0.0 0.0 274.3941834424067 1.776709081906473e-05 0.0 2.101690819940381e-05 0.4515522179112533 0.1988771243004469 1.667512077614327e-05 0.02325338346663681 15.08048816269333 -1.037103772755357 0.0 -3136.670589897568 -3195.706700917857 -0.7498062816887356
0.1050367121057407 0.0195585364174409 0.0 1.255711241125339 98907.20457777505 0.0 0.0 0.0 274.3941834424067 1.75276306135384e-05 0.0 2.073432207141057e-05 0.4454394017654158 0.1975467776353273 1.667512077614327e-05 0.02325338346663681 14.66434180609504 -1.115267130574063 0.0 -3096.699549175116 -3152.451591178655 -0.7376400905773617
0.1069386257278187 0.01940685593118306 0.0 1.255978785470208 98928.27794431418 0.0 0.0 0.0 274.3941834424067 1.728413566641805e-05 0.0 2.04470600747211e-05 0.4390039662339315 0.1963023005189826 1.667512077614327e-05 0.02325338346663681 14.23241569010517 -1.187013027725013 0.0 -3055.191159871559 -3110.80685953072 -0.7249218781473995
0.1088387740637406 0.01924122452495767 0.0 1.256257119954315 98950.20120569709 0.0 0.0 0.0 274.3941834424067 1.702595289379358e-05 0.0 2.014234187649706e-05 0.4322166775303284 0.1949231015651283 1.667512077614327e-05 0.02325338346663681 13.78384848535489 -1.252375279612631 0.0 -3011.886218493168 -3066.846127785981 -0.7116907366063616
0.1107370734231304 0.01906150267005297 0.0 1.256548625170133 98973.16187139168 0.0 0.0 0.0 274.3941834424067 1.674883046009967e-05 0.0 1.981511087957947e-05 0.4251051747275845 0.1933120724970863 1.667512077614327e-05 0.02325338346663681 13.32162353848192 -1.310092112887459 0.0 -2967.042203413875 -3018.550330922344 -0.697833500113322
0.1126334647356534 0.01886780054301049 0.0 1.256850783957953 98996.96167509108 0.0 0.0 0.0 274.3941834424067 1.64753435235559e-05 0.0 1.949236032343597e-05 0.417666272926768 0.1919496364782418 1.667512077614327e-05 0.02325338346663681 12.84650901444068 -1.361380190322782 0.0 -2920.682397856388 -2974.886438917452 -0.6834698264839447
0.1145278095631175 0.01865951388425867 0.0 1.25716628346523 99021.81227233705 0.0 0.0 0.0 274.3941834424067 1.616392432755507e-05 0.0 1.912434861106923e-05 0.4098172176232577 0.1899544688567978 1.667512077614327e-05 0.02325338346663681 12.35477004339198 -1.405193035910283 0.0 -2872.250774510503 -2920.087804908309 -0.6684719772224716
0.1164200516494392 0.0184368378254685 0.0 1.257494497682885 99047.66435497178 0.0 0.0 0.0 274.3941834424067 1.586454214849318e-05 0.0 1.877089853420793e-05 0.4014997294907258 0.1884781302839716 1.667512077614327e-05 0.02325338346663681 11.844234963488 -1.44226807445474 0.0 -2821.817794034968 -2874.401738868237 -0.6528697108216571
0.1183099691567165 0.01819861983225889 0.0 1.257838303024799 99074.74448627424 0.0 0.0 0.0 274.3941834424067 1.550960450416067e-05 0.0 1.835112418351925e-05 0.3924510742234313 0.186107710598003 1.667512077614327e-05 0.02325338346663681 11.30161169563413 -1.470939138197996 0.0 -2767.380818165255 -2813.406275146047 -0.636526291658118
0.1201974584881421 0.0179448101834586 0.0 1.258201378320657 99103.34243251251 0.0 0.0 0.0 274.3941834424067 1.514881734644501e-05 0.0 1.792458748499701e-05 0.3825729175005655 0.1840525557612221 1.667512077614327e-05 0.02325338346663681 10.72433092331693 -1.489852985578047 0.0 -2708.904833825012 -2757.499206604705 -0.619266839797707
0.1220822335627926 0.01767409979684436 0.0 1.258585286204389 99133.5812759279 0.0 0.0 0.0 274.3941834424067 1.473491622239529e-05 0.0 1.743474126787889e-05 0.3716239446165809 0.1813126096992308 1.667512077614327e-05 0.02325338346663681 10.10269015990217 -1.499558256003417 0.0 -2645.791895337095 -2690.130324259028 -0.6010170725628768
0.1239639712416046 0.017385152765168 0.0 1.258996863561782 99165.99952986561 0.0 0.0 0.0 274.3941834424067 1.427761865038168e-05 0.0 1.689332576145894e-05 0.358934163852011 0.1784790900895178 1.667512077614327e-05 0.02325338346663681 9.406556750726304 -1.495267511409843 0.0 -2574.268690697777 -2621.541337619228 -0.5814519860152377
0.1258421334565613 0.01707560935965674 0.0 1.259446134927841 99201.38678567603 0.0 0.0 0.0 274.3941834424067 1.371136848874931e-05 0.0 1.622209457542705e-05 0.3438275855247322 0.1743033342684854 1.667512077614327e-05 0.02325338346663681 8.612559496443524 -1.46779129594862 0.0 -2489.998200966781 -2532.357228423135 -0.5600950454488306
0.1277163681910664 0.01674458608425282 0.0 1.259939537136598 99240.25004627483 0.0 0.0 0.0 274.3941834424067 1.30606751605913e-05 0.0 1.545052377976123e-05 0.3262016753162452 0.1694458386817577 1.667512077614327e-05 0.02325338346663681 7.733493802447142 -1.409734141950413 0.0 -2392.208398833219 -2433.336321586811 -0.5366402641210039
0.1295863970275517 0.01639176288311252 0.0 1.260472206984679 99282.2062571544 0.0 0.0 0.0 274.3941834424067 1.232182863373906e-05 0.0 1.45742065260883e-05 0.3064633187827534 0.1634561320208136 1.667512077614327e-05 0.02325338346663681 6.808465503576625 -1.321665784201818 0.0 -2282.977915548187 -2319.15682605877 -0.511318823347326
0.1314521437889513 0.01601791197218036 0.0 1.261034921681698 99326.52897708732 0.0 0.0 0.0 274.3941834424067 1.153080385036343e-05 0.0 1.363610685132223e-05 0.2851431548188264 0.1568168098224132 1.667512077614327e-05 0.02325338346663681 5.878440001053646 -1.2093073034494 0.0 -2165.698197761867 -2198.301376246784 -0.4845691454288053
0.1333134671984104 0.01562336333921016 0.0 1.261615691273016 99372.2738067104 0.0 0.0 0.0 274.3941834424067 1.069700156654088e-05 0.0 1.264739713390426e-05 0.2623359685106158 0.1494973188775675 1.667512077614327e-05 0.02325338346663681 4.96145079733824 -1.079707016779902 0.0 -2041.957841646816 -2072.999159694571 -0.4569611949080217
0.1351698555909662 0.01520677179068259 0.0 1.262211093391439 99419.1711802499 0.0 0.0 0.0 274.3941834424067 9.786637001171809e-06 0.0 1.156788627601311e-05 0.2373362708749006 0.1406676778550222 1.667512077614327e-05 0.02325338346663681 4.047814869277214 -0.9332223344448428 0.0 -1909.022787183869 -1937.006885668942 -0.42865766030308505
0.1370205231819258 0.01476584002800033 0.0 1.262820141506417 99467.14339275626 0.0 0.0 0.0 274.3941834424067 8.77409549861906e-06 0.0 1.036731660796167e-05 0.2091367451496441 0.1297665164548819 1.667512077614327e-05 0.02325338346663681 3.131379137873025 -0.7670686370612352 0.0 -1763.380071691426 -1789.482621438041 -0.39970543815774323
0.138864402170757 0.01429754864214917 0.0 1.263439283021168 99515.91062080722 0.0 0.0 0.0 274.3941834424067 7.621276982723901e-06 0.0 9.000771380463933e-06 0.1770011135925506 0.115181954303537 1.667512077614327e-05 0.02325338346663681 2.233616261149336 -0.581975332919758 0.0 -1603.679039888269 -1624.132017179841 -0.3702734076930904
0.1407008718326714 0.01380104864461183 0.0 1.264055802626505 99564.47133184827 0.0 0.0 0.0 274.3941834424067 6.361762137620816e-06 0.0 7.508739422028915e-06 0.141374803042693 0.0961441776715871 1.667512077614327e-05 0.02325338346663681 1.418852803619095 -0.3913212564137244 0.0 -1437.778684149572 -1449.036862785404 -0.34096601451396774
0.1425303577407196 0.01327933488718835 0.0 1.264643781077234 99610.78397364754 0.0 0.0 0.0 274.3941834424067 5.105011339887438e-06 0.0 6.021496997035135e-06 0.1036127430779966 0.07325094705635873 1.667512077614327e-05 0.02325338346663681 0.7590570904819545 -0.2195882487731901 0.0 -1285.067684210602 -1286.297700681096 -0.3130153776044735
0.1443534280926713 0.01273543869115618 0.0 1.265181114210355 99653.10749229051 0.0 0.0 0.0 274.3941834424067 4.051267716413149e-06 0.0 4.776054401226808e-06 0.06250956395761886 0.0444662962834342 1.667512077614327e-05 0.02325338346663681 0.2753129806056044 -0.08255288426974323 0.0 -1161.997097094738 -1162.489136280334 -0.28747225900094187
0.1461710195135188 0.01217319151877268 0.0 1.265658328194939 99690.6956731197 0.0 0.0 0.0 274.3941834424067 3.555030894859627e-06 0.0 4.190714827640466e-06 0.02912795254397789 0.03227025546575704 1.667512077614327e-05 0.02325338346663681 -0.05960436784913417 0.01887389133439908 0.0 -1068.851764435917 -1070.167699451089 -0.2647870146782674
0.1479864191935534 0.01160349564114384 0.0 1.266070697676559 99723.17631942153 0.0 0.0 0.0 274.3941834424067 3.436651308846685e-06 0.0 4.052048629194631e-06 0.06326263231099999 0.05410907446864682 1.667512077614327e-05 0.02325338346663681 -0.2810578713776669 0.087727269927837 0.0 -999.1268972806955 -999.589494686646 -0.24518427304882265
0.1498032928983671 0.01103800999812658 0.0 1.266425704454866 99751.13874175123 0.0 0.0 0.0 274.3941834424067 3.4276165063661e-06 0.0 4.042499002523266e-06 0.0772627460015122 0.06409370696687954 1.667512077614327e-05 0.02325338346663681 -0.4198106279544743 0.1283810496297392 0.0 -950.0264677588927 -950.7000386117953 -0.22830837300764648
0.1516252632542379 0.01048853639460683 0.0 1.266734968022638 99775.49815971639 0.0 0.0 0.0 274.3941834424067 3.445725855725756e-06 0.0 4.064920650178526e-06 0.08450439745413496 0.06902916505688891 1.667512077614327e-05 0.02325338346663681 -0.5036457232840295 0.1482552694800756 0.0 -919.2991661754548 -920.9992068427966 -0.2136069605980153
0.1534541673127518 0.00996182684140996 0.0 1.267011592347005 99797.28671885743 0.0 0.0 0.0 274.3941834424067 3.460910512005255e-06 0.0 4.083785777240312e-06 0.08839130448322877 0.07183711271578849 1.667512077614327e-05 0.02325338346663681 -0.5530950928942974 0.1545989740799618 0.0 -903.2721575751505 -905.6001140574904 -0.20045711464511354
0.1552911170319922 0.00946294865135322 0.0 1.267265029107104 99817.2488890266 0.0 0.0 0.0 274.3941834424067 3.466205739207081e-06 0.0 4.090874785902172e-06 0.09026319769356281 0.07324065256891908 1.667512077614327e-05 0.02325338346663681 -0.5792441574296506 0.1516278476023052 0.0 -899.1558686649439 -901.633084062668 -0.18840953220008455
0.1571370755795213 0.008997349447019867 0.0 1.267503228329899 99836.01086111665 0.0 0.0 0.0 274.3941834424067 3.455348019605771e-06 0.0 4.078788327581538e-06 0.09058085817401054 0.07353301950094311 1.667512077614327e-05 0.02325338346663681 -0.5859947155820147 0.1416696863448571 0.0 -905.0131753684677 -908.390561669771 -0.1770862941117017
0.1589922101585082 0.008568351122176653 0.0 1.267730549119337 99853.91598379883 0.0 0.0 0.0 274.3941834424067 3.422088652380786e-06 0.0 4.040130438002709e-06 0.08940501893472619 0.07283929696569094 1.667512077614327e-05 0.02325338346663681 -0.5735036182154364 0.1262318801480022 0.0 -918.7256927359119 -922.319793594242 -0.1662801823576261
0.1608565543977275 0.00817959660775038 0.0 1.267950794625978 99871.26381558475 0.0 0.0 0.0 274.3941834424067 3.360641646240839e-06 0.0 3.968051405848588e-06 0.08648769025447994 0.07088082953919632 1.667512077614327e-05 0.02325338346663681 -0.5390378034329115 0.106488072254661 0.0 -938.8859745494292 -942.6757002943959 -0.15581040718226577
0.1627294153474501 0.007831997366491171 0.0 1.268164371230915 99888.0863654399 0.0 0.0 0.0 274.3941834424067 3.266361829943359e-06 0.0 3.857045416311668e-06 0.08151881716888731 0.06708024770037067 1.667512077614327e-05 0.02325338346663681 -0.4805456000745644 0.08541524563782439 0.0 -961.9346841806474 -968.8014183980583 -0.14565765051312568
0.1646081737354939 0.007515138214915712 0.0 1.268370331393552 99904.30899949274 0.0 0.0 0.0 274.3941834424067 3.143048642791562e-06 0.0 3.711611427834171e-06 0.0746179046689759 0.06132561386626204 1.667512077614327e-05 0.02325338346663681 -0.4034850966493753 0.06638397188661546 0.0 -981.2860927360642 -988.4302370048364 -0.13586695543483904
0.166490164465479 0.007215060871867617 0.0 1.268566392233962 99919.7519046902 0.0 0.0 0.0 274.3941834424067 3.018200714654383e-06 0.0 3.564316872243017e-06 0.06651983472200067 0.05450027252980971 1.667512077614327e-05 0.02325338346663681 -0.3209552774042862 0.0508984773234829 0.0 -993.0284421544219 -1000.303602467471 -0.1265468428428457
0.1683732216780635 0.00691853306712957 0.0 1.268753681085026 99934.50387640204 0.0 0.0 0.0 274.3941834424067 2.910051856918587e-06 0.0 3.43676108434604e-06 0.05840898713373063 0.04733103894285352 1.667512077614327e-05 0.02325338346663681 -0.2474349710980202 0.03947274486076493 0.0 -996.4140022073072 -1003.558015544991 -0.11764372289551299
0.1702554078880496 0.006613220719320318 0.0 1.268932761112037 99948.6092728398 0.0 0.0 0.0 274.3941834424067 2.83119480078066e-06 0.0 3.34385767886417e-06 0.0521041602008991 0.04134349399578004 1.667512077614327e-05 0.02325338346663681 -0.196668271488573 0.03290863655658548 0.0 -990.6946899128808 -998.2831793649165 -0.10913082449500344
0.1721346847012142 0.006287207498339433 0.0 1.269107893710829 99962.40374660862 0.0 0.0 0.0 274.3941834424067 2.778656827122438e-06 0.0 3.282098911519399e-06 0.04941560822479607 0.03964396191417795 1.667512077614327e-05 0.02325338346663681 -0.1765564417664998 0.03155252221251455 0.0 -977.6070929054063 -982.2075952773798 -0.10080557435400321
0.1740111133026935 0.005941813546733517 0.0 1.269281335853558 99976.06507011315 0.0 0.0 0.0 274.3941834424067 2.753854778967691e-06 0.0 3.25317323688785e-06 0.04994570256955784 0.04146045945005668 1.667512077614327e-05 0.02325338346663681 -0.180058979841053 0.03375632809166672 0.0 -963.3906877527108 -966.7302399624972 -0.09256068315057316
0.1758859279338888 0.005584342970653637 0.0 1.269454903300529 99989.73626331697 0.0 0.0 0.0 274.3941834424067 2.741928505208132e-06 0.0 3.239492369527491e-06 0.05163576752313747 0.04321795919591356 1.667512077614327e-05 0.02325338346663681 -0.1922368678344879 0.036998022175775 0.0 -952.447082141754 -956.3989755036696 -0.08430983537955726
0.1777601949964367 0.005220485969411577 0.0 1.269625109566691 100003.1427101468 0.0 0.0 0.0 274.3941834424067 2.733884804691614e-06 0.0 3.230398824909009e-06 0.0534995229513457 0.0445572536661381 1.667512077614327e-05 0.02325338346663681 -0.2061833789884379 0.04043270145428078 0.0 -943.1641425401031 -948.4265383840633 -0.07621876751927137
0.1796338088452044 0.004849639213188993 0.0 1.269793129389671 100016.3769398489 0.0 0.0 0.0 274.3941834424067 2.726835474580142e-06 0.0 3.222475409546901e-06 0.05560527186105346 0.04651299625838236 1.667512077614327e-05 0.02325338346663681 -0.222551889770815 0.04437255294816498 0.0 -932.9060263598104 -937.320053732367 -0.06823163625642274
0.1815071460980795 0.004473627787557575 0.0 1.269956709250474 100029.2614520101 0.0 0.0 0.0 274.3941834424067 2.725687258471343e-06 0.0 3.221531036750763e-06 0.05785950168742036 0.0485674157260193 1.667512077614327e-05 0.02325338346663681 -0.2408603191991932 0.04831881099861018 0.0 -923.3458484446775 -926.2232977752136 -0.060455566760434995
0.1833813158578769 0.004097839463996172 0.0 1.270117802233609 100041.9500830561 0.0 0.0 0.0 274.3941834424067 2.732377005645169e-06 0.0 3.229868733221279e-06 0.05959055164093741 0.05076767899856065 1.667512077614327e-05 0.02325338346663681 -0.2555414493722507 0.05077027591232024 0.0 -916.5905484971371 -921.0636940494591 -0.05279771556761628
0.1852575635207585 0.003728366949537078 0.0 1.270274441372153 100054.2879031006 0.0 0.0 0.0 274.3941834424067 2.718920167526836e-06 0.0 3.214318541253159e-06 0.06065340662623286 0.05045108954097659 1.667512077614327e-05 0.02325338346663681 -0.2648925618370734 0.05162654823111457 0.0 -912.8286463362894 -915.3204884351521 -0.045351586067745975
0.1871360437595487 0.003365946617837731 0.0 1.270426056188412 100066.2299779644 0.0 0.0 0.0 274.3941834424067 2.726875359940614e-06 0.0 3.224133040536574e-06 0.06100476576705711 0.05264696218081677 1.667512077614327e-05 0.02325338346663681 -0.2681087224371321 0.05135006364384288 0.0 -909.3029876290004 -916.7738762726173 -0.03814429696706026
0.1890163650724126 0.003008472077636145 0.0 1.270576516727515 100078.0811351688 0.0 0.0 0.0 274.3941834424067 2.681200317154043e-06 0.0 3.170369319989843e-06 0.06128099018253208 0.04944034423629817 1.667512077614327e-05 0.02325338346663681 -0.2705932794331148 0.0513937183032461 0.0 -905.6421846482664 -905.541315179837 -0.030991878553672966
0.1908977077717671 0.002651486389905147 0.0 1.270716116655953 100089.0768467853 0.0 0.0 0.0 274.3941834424067 2.718155901148687e-06 0.0 3.214532874850108e-06 0.06142168652062345 0.05482954704076261 1.667512077614327e-05 0.02325338346663681 -0.2716632892552548 0.05236457380854781 0.0 -899.6074756357436 -911.206058547267 -0.024355739240212882
0.1927778564106491 0.002283337870961027 0.0 1.270865234961834 100100.8222818049 0.0 0.0 0.0 274.3941834424067 2.633958910634317e-06 0.0 3.115080112038055e-06 0.06216229064516204 0.04740802591167104 1.667512077614327e-05 0.02325338346663681 -0.2776567755123908 0.05642806484823259 0.0 -883.9185072041369 -888.9351958654238 -0.017267126351327974
0.1946536758117746 0.001889000305814468 0.0 1.27098551152036 100110.2959711297 0.0 0.0 0.0 274.3941834424067 2.685804251091008e-06 0.0 3.176851825436416e-06 0.06562158103810599 0.05759834800546614 1.667512077614327e-05 0.02325338346663681 -0.3083634926980315 0.06751226297197131 0.0 -890.6823758180219 -856.9127843296462 -0.011549558961011066
0.1965241580350246 0.001465404230758378 0.0 1.271143944279534 100122.7750672868 0.0 0.0 0.0 274.3941834424067 2.946270704710847e-06 0.0 3.48622675690484e-06 0.06091812058716581 0.06475807534865566 1.667512077614327e-05 0.02325338346663681 -0.2650997757967884 0.06096735130463853 0.0 -887.3802000886365 -999.6024533891061 -0.004018166406091696
0.1983918101092632 0.001024994521632667 0.0 1.271264445409453 100132.2664451755 0.0 0.0 0.0 274.3941834424067 1.34887278918256e-06 0.0 1.593811301286881e-06 0.04405292295163621 0.02618384026026844 1.667512077614327e-05 0.02325338346663681 0.1319818116137553 -0.05157991644115549 0.0 -1294.121883547878 -625.7506304436396 0.0017100763982728835
0.2001996 0.0004394000000000001 0.0 1.271287498739176 100134.082261045 0.0 0.0 0.0 274.3941834424067 1.114757349106206e-05 0.0 1.328695018583482e-05 0.08636365942670259 0.1217058152445476 1.667512077614327e-05 0.02325338346663681 0.2336229369906583 -0.4933719694817647 0.0 -1991.963722473292 -4051.902502134928 0.0028059588202447717
0.2000665333333334 0.0001464666666666667 0.0 1.270952664308245 100107.7087314666 0.0 0.0 0.0 274.3941834424067 1.046402716144627e-05 0.0 1.246192249286239e-05 0.2408158881039955 0.1715395264112065 1.667512077614327e-05 0.02325338346663681 -1.75577602486294 -3.865170267157966 0.0 -2782.968591511556 -4251.485309505962 -0.013111011592770457
0.1999334666666667 -0.0001464666666666667 0.0 1.271058440976717 100116.0403241493 0.0 0.0 0.0 274.3941834424067 0.0 0.0 0.0 0.2005230781464713 0.3996676290822934 1.667512077614327e-05 0.02325338346663681 -1.21835719169969 -2.682094940043568 0.0 -2020.610890705325 -9.018791900560203 -0.008082723140528873
0.1998004 -0.0004394000000000001 0.0 1.272039162349512 100193.2877089588 0.0 0.0 0.0 274.3941834424067 2.596625958511418e-05 0.0 3.130230583490254e-05 0.4892669669218386 0.3179378220172746 1.667512077614327e-05 0.02325338346663681 15.86464852049261 -1.352858682148561 0.0 -2992.22234171816 -5313.234572970503 0.038537670798043364
0.1978872766551751 -0.0002789269442130123 0.0 1.273153848620424 100281.0869572464 0.0 0.0 0.0 274.3941834424067 1.425602118748178e-05 0.0 1.705926003195702e-05 0.4462483109910577 0.1440869436316774 1.667512077614327e-05 0.02325338346663681 14.52041860478515 -1.106380699095203 0.0 -2695.475266039214 -1960.307434098617 0.09152633252132328
0.1959716777680937 -0.0001589494443451553 0.0 1.273527404685552 100310.5104305298 0.0 0.0 0.0 274.3941834424067 1.494770559495861e-05 0.0 1.790180625898327e-05 0.3805580333244256 0.2000820723440516 1.667512077614327e-05 0.02325338346663681 10.56661198407521 -0.638461306255132 0.0 -2292.69462498447 -2542.794389739343 0.1092840070224876
0.1940560241015692 -4.738517122975398e-05 0.0 1.274059084267112 100352.3886421926 0.0 0.0 0.0 274.3941834424067 1.3904736425172e-05 0.0 1.664631153387078e-05 0.3689464176192851 0.1799422243522458 1.667512077614327e-05 0.02325338346663681 9.931685696761193 -0.536324921911567 0.0 -2264.091579120755 -2241.08294349673 0.13455837365609558
0.1921399634744785 4.67396960359071e-05 0.0 1.274433964035589 100381.9163781389 0.0 0.0 0.0 274.3941834424067 1.319791555476418e-05 0.0 1.579606043296484e-05 0.3460828799048554 0.1776884931266562 1.667512077614327e-05 0.02325338346663681 8.740538657810548 -0.3862307783906512 0.0 -2136.774036564264 -2186.447109978298 0.15237897283011126
0.1902235334515898 0.0001208272001573249 0.0 1.274731680764149 100405.3662991188 0.0 0.0 0.0 274.3941834424067 1.246541199984822e-05 0.0 1.491419513187125e-05 0.3272878946164832 0.1705502874148453 1.667512077614327e-05 0.02325338346663681 7.819123031196634 -0.2437226126176789 0.0 -2046.105274342473 -2062.724938702681 0.16653148500391818
0.1883066693887598 0.0001645587346173323 0.0 1.274896287976778 100418.3317315536 0.0 0.0 0.0 274.3941834424067 1.194948572147445e-05 0.0 1.429286009205001e-05 0.3127082154161651 0.1660067180508677 1.667512077614327e-05 0.02325338346663681 7.139796410210852 -0.1085362744675728 0.0 -1978.023445530869 -1996.63982299776 0.17435639155816218
0.1863898067151206 0.0001780322361992483 0.0 1.275007842358626 100427.1184109315 0.0 0.0 0.0 274.3941834424067 1.168139413656827e-05 0.0 1.397040117086659e-05 0.3031219219070111 0.1650060488857075 1.667512077614327e-05 0.02325338346663681 6.7089423983259 -0.01164045845402075 0.0 -1938.059820726418 -1971.940871124645 0.17965933424056288
0.1844733539011139 0.0001706554138920078 0.0 1.275085482764991 100433.2338260877 0.0 0.0 0.0 274.3941834424067 1.137138388713776e-05 0.0 1.359705584809868e-05 0.2949376971719952 0.1619446671438676 1.667512077614327e-05 0.02325338346663681 6.350988903670102 0.05506814391335573 0.0 -1898.500123945797 -1923.645527489892 0.1833501137327457
0.1825574993683315 0.00014426602033874 0.0 1.275134659577258 100437.1072811243 0.0 0.0 0.0 274.3941834424067 1.109149351621104e-05 0.0 1.325987083408785e-05 0.2871205705970901 0.1594014671187728 1.667512077614327e-05 0.02325338346663681 6.017752089569128 0.1136224867737826 0.0 -1859.440608015656 -1882.754506481732 0.18568782393685512
0.1806424386922614 9.781253445428231e-05 0.0 1.275151192300615 100438.4094956763 0.0 0.0 0.0 274.3941834424067 1.085648566312978e-05 0.0 1.297658922749129e-05 0.280278650039965 0.1572585275808983 1.667512077614327e-05 0.02325338346663681 5.732855491665191 0.1688820969710723 0.0 -1828.077314084753 -1852.794349037498 0.18647373734423067
0.1787283737408618 3.100154021479632e-05 0.0 1.275135903208125 100437.2052368075 0.0 0.0 0.0 274.3941834424067 1.065233165994413e-05 0.0 1.273027500074754e-05 0.2744906546692027 0.1550602224297306 1.667512077614327e-05 0.02325338346663681 5.496522179405886 0.2218814336816262 0.0 -1803.289704422759 -1825.044753311894 0.1857469422170404
0.1768155433300424 -5.707258274497615e-05 0.0 1.275084176201357 100433.1309134496 0.0 0.0 0.0 274.3941834424067 1.051246137851144e-05 0.0 1.256115675783904e-05 0.2701837199859138 0.1534943369611228 1.667512077614327e-05 0.02325338346663681 5.322926287540267 0.2735962754398258 0.0 -1787.142000700193 -1808.893707905434 0.18328800382777638
0.1749041345416441 -0.0001658242654717604 0.0 1.275000441319925 100426.5354615838 0.0 0.0 0.0 274.3941834424067 1.044092227144847e-05 0.0 1.247411208719245e-05 0.2676311246205441 0.1525965814987928 1.667512077614327e-05 0.02325338346663681 5.220076359708409 0.3230325105610158 0.0 -1780.734869910388 -1802.707152333275 0.179307512255866
0.1729942447970738 -0.0002936650238157945 0.0 1.274886375464542 100417.5509637756 0.0 0.0 0.0 274.3941834424067 1.043028285426654e-05 0.0 1.246016674782983e-05 0.2668167888576877 0.1521281291560822 1.667512077614327e-05 0.02325338346663681 5.185495626734424 0.3708635310376207 0.0 -1783.169566153636 -1804.892344761953 0.17388518206059356
0.1710859161636716 -0.0004388961829008067 0.0 1.274742069378296 100406.1845674842 0.0 0.0 0.0 274.3941834424067 1.049005942914272e-05 0.0 1.253076503761032e-05 0.2680124755981769 0.1522347269400445 1.667512077614327e-05 0.02325338346663681 5.22924909993747 0.4191103009613479 0.0 -1795.923704059164 -1816.608504734249 0.1670253268813689
0.1691791050496084 -0.0005993045340280783 0.0 1.274572682357716 100392.842649256 0.0 0.0 0.0 274.3941834424067 1.064117101529367e-05 0.0 1.271115410152853e-05 0.2714385971076138 0.1534685827814407 1.667512077614327e-05 0.02325338346663681 5.361395799243382 0.4668454513479723 0.0 -1819.829844566237 -1843.178642640324 0.1589732033663882
0.1672735294728084 -0.0007706763863500752 0.0 1.274388696133234 100378.3508118428 0.0 0.0 0.0 274.3941834424067 1.085150343365493e-05 0.0 1.296275593242826e-05 0.2766929728150304 0.1552325906572491 1.667512077614327e-05 0.02325338346663681 5.569423428518452 0.5110580512573538 0.0 -1851.930232892434 -1876.184156687921 0.1502270798469565
0.1653688368591095 -0.0009487919942925913 0.0 1.274199559650122 100363.4533097614 0.0 0.0 0.0 274.3941834424067 1.110123271110194e-05 0.0 1.326179891537166e-05 0.2830706386547741 0.1574262037725577 1.667512077614327e-05 0.02325338346663681 5.828556551737145 0.5499402044915717 0.0 -1888.46652179241 -1915.054577394236 0.14123612931253787
0.163464680855746 -0.001129976880381195 0.0 1.274012517085616 100348.7207370277 0.0 0.0 0.0 274.3941834424067 1.136113875830013e-05 0.0 1.357315516518099e-05 0.2899798612324152 0.159609539204679 1.667512077614327e-05 0.02325338346663681 6.116860953785756 0.583001525183606 0.0 -1927.033595167938 -1953.966503190591 0.13234471704961578
0.1615608073651673 -0.001311723122285836 0.0 1.273834097155816 100334.6673337297 0.0 0.0 0.0 274.3941834424067 1.162548587522882e-05 0.0 1.388998838624088e-05 0.2968762952296797 0.1619636157426371 1.667512077614327e-05 0.02325338346663681 6.412270076572733 0.6095310834273437 0.0 -1965.113885760004 -1995.277055791156 0.1238631975839864
0.1596570010923754 -0.001491957744026588 0.0 1.273666558556511 100321.4710080352 0.0 0.0 0.0 274.3941834424067 1.186066674976395e-05 0.0 1.417179246933239e-05 0.3033723158415789 0.163778433682269 1.667512077614327e-05 0.02325338346663681 6.697376937786999 0.6304456906611692 0.0 -2000.918806449514 -2029.764180322268 0.1158989421734427
0.1577531983375832 -0.001670187088070237 0.0 1.273509697058561 100309.1156736557 0.0 0.0 0.0 274.3941834424067 1.208859051489619e-05 0.0 1.444498365170964e-05 0.3093591507718891 0.1657146348748502 1.667512077614327e-05 0.02325338346663681 6.965921712811513 0.647197943209636 0.0 -2034.324614001983 -2066.204781079091 0.10844224241026972
0.1558493240827333 -0.001845774979632863 0.0 1.273361732948106 100297.4611498579 0.0 0.0 0.0 274.3941834424067 1.228692128402802e-05 0.0 1.468258829386138e-05 0.3148975906715526 0.1670950078304043 1.667512077614327e-05 0.02325338346663681 7.219241517563518 0.6612996860553451 0.0 -2065.550546878209 -2095.745014430845 0.10140849632346294
0.1539453918852706 -0.002019031081465858 0.0 1.273219174216102 100286.2323854661 0.0 0.0 0.0 274.3941834424067 1.248941773377717e-05 0.0 1.492529608578415e-05 0.3202863392288381 0.1686691409000093 1.667512077614327e-05 0.02325338346663681 7.47015223362468 0.674044335745146 0.0 -2096.494418687113 -2128.214035721764 0.09463170484138762
0.152041338683696 -0.002189424666323694 0.0 1.27308571629804 100275.7204547197 0.0 0.0 0.0 274.3941834424067 1.268936347115113e-05 0.0 1.516504911506074e-05 0.3255516304676829 0.1702745505964705 1.667512077614327e-05 0.02325338346663681 7.719733788111975 0.6831187882881433 0.0 -2126.926567451475 -2160.57736255407 0.0882875372859385
0.1501370744874735 -0.002356087899417888 0.0 1.27296245673248 100266.0118062121 0.0 0.0 0.0 274.3941834424067 1.286761831571728e-05 0.0 1.537875485213158e-05 0.3304431109478406 0.1715711690347222 1.667512077614327e-05 0.02325338346663681 7.955582147343918 0.687959560655695 0.0 -2155.171760506531 -2188.098572205779 0.0824281671706697
0.1482325729810371 -0.002518843714384375 0.0 1.272850686517139 100257.2081265186 0.0 0.0 0.0 274.3941834424067 1.303453383527429e-05 0.0 1.557892187175788e-05 0.3347397116904787 0.1729485777956773 1.667512077614327e-05 0.02325338346663681 8.165934139916928 0.6890981881040907 0.0 -2180.394003991355 -2216.464876312144 0.07711496444630057
0.1463278152699841 -0.002677587055191645 0.0 1.272745140500616 100248.8947013403 0.0 0.0 0.0 274.3941834424067 1.316231732609376e-05 0.0 1.573191939420189e-05 0.3384458350621412 0.1736108085708734 1.667512077614327e-05 0.02325338346663681 8.349646729450178 0.6899009271909124 0.0 -2202.589675740607 -2235.594884109714 0.0720976404586052
0.1444228997222096 -0.002833651044096038 0.0 1.272636954526099 100240.3733375398 0.0 0.0 0.0 274.3941834424067 1.33040639445752e-05 0.0 1.590174933185596e-05 0.3421886971674804 0.1745337911137888 1.667512077614327e-05 0.02325338346663681 8.536964016167774 0.6939629343121491 0.0 -2225.995713303047 -2259.981025672838 0.06695482121297482
0.1425178355294743 -0.002987325348649461 0.0 1.272526466411778 100231.6706436651 0.0 0.0 0.0 274.3941834424067 1.346799963626859e-05 0.0 1.609835685559596e-05 0.3464525446041599 0.1756695526050093 1.667512077614327e-05 0.02325338346663681 8.752786232106361 0.6986129367165158 0.0 -2252.931691385536 -2288.057846005942 0.06170256551828813
0.140612545368822 -0.003137820497707978 0.0 1.272416535544962 100223.0118418821 0.0 0.0 0.0 274.3941834424067 1.364804862055521e-05 0.0 1.631444856523396e-05 0.3512166061831414 0.1768977345375101 1.667512077614327e-05 0.02325338346663681 8.997285057528646 0.7002863324114204 0.0 -2282.105016095777 -2317.941819050627 0.05647679960847335
0.1387069287351733 -0.003284001770195082 0.0 1.272311653438252 100214.7507101464 0.0 0.0 0.0 274.3941834424067 1.384207122661252e-05 0.0 1.654750748634444e-05 0.3563828937025104 0.1782675043634097 1.667512077614327e-05 0.02325338346663681 9.266497444230847 0.696739838316944 0.0 -2313.141084798435 -2349.717025036064 0.05149103579463983
0.136800875948955 -0.003424502388712994 0.0 1.272219491608617 100207.4915022653 0.0 0.0 0.0 274.3941834424067 1.404188573275479e-05 0.0 1.678775933112482e-05 0.3616071677475098 0.1797889802893011 1.667512077614327e-05 0.02325338346663681 9.543138050411429 0.6854781104007388 0.0 -2343.877175804456 -2383.548921782282 0.04710995374333859
0.1348942901106666 -0.00355796168797702 0.0 1.272142102149443 100201.3958531861 0.0 0.0 0.0 274.3941834424067 1.421658119958935e-05 0.0 1.699787667031543e-05 0.3666371435669311 0.1808631384789094 1.667512077614327e-05 0.02325338346663681 9.813631327047291 0.667529941548556 0.0 -2373.256909103201 -2410.141385844143 0.04343110348731374
0.1329871549597789 -0.003684014998206296 0.0 1.272085596838615 100196.9451624901 0.0 0.0 0.0 274.3941834424067 1.439869933976599e-05 0.0 1.721727819656532e-05 0.3712294711059835 0.1824503413178114 1.667512077614327e-05 0.02325338346663681 10.0641696291022 0.6422161393952861 0.0 -2400.358829172114 -2443.605630218739 0.04074501962754252
0.1310794087769297 -0.003801495844185457 0.0 1.27205135883533 100194.2483759325 0.0 0.0 0.0 274.3941834424067 1.451885607389766e-05 0.0 1.736209440888598e-05 0.3749940407528508 0.1830811088507189 1.667512077614327e-05 0.02325338346663681 10.27229357982487 0.6113671652816461 0.0 -2422.676860179572 -2461.1866499706 0.03911745317990614
0.1291711171004758 -0.003911199524533962 0.0 1.272036752794824 100193.0979182564 0.0 0.0 0.0 274.3941834424067 1.463185177097718e-05 0.0 1.749853893597827e-05 0.3778561078824795 0.1841028414696492 1.667512077614327e-05 0.02325338346663681 10.43219520175435 0.5786095880878894 0.0 -2440.547559468675 -2484.03698355572 0.038423128184938815
0.1272623005234671 -0.004013256693298814 0.0 1.272038582299482 100193.2420208061 0.0 0.0 0.0 274.3941834424067 1.468990595949314e-05 0.0 1.756877773931878e-05 0.3798157275733869 0.1843284578808012 1.667512077614327e-05 0.02325338346663681 10.54270497542127 0.546600307482252 0.0 -2453.673422245658 -2493.983799286986 0.038510097053213836
0.1253530469866107 -0.004109176524625485 0.0 1.272046250030046 100193.8459763737 0.0 0.0 0.0 274.3941834424067 1.473945894723647e-05 0.0 1.762882116845864e-05 0.3813170995706321 0.1846028696883102 1.667512077614327e-05 0.02325338346663681 10.62772693204808 0.5194121468373597 0.0 -2465.112380712295 -2505.003837681011 0.038874596725958
0.1234434031436596 -0.00419991940197477 0.0 1.272061512648401 100195.0481499839 0.0 0.0 0.0 274.3941834424067 1.479652381460188e-05 0.0 1.769806312802718e-05 0.3826775795546085 0.185158239939445 1.667512077614327e-05 0.02325338346663681 10.70492996363609 0.4937963916980466 0.0 -2476.730737620332 -2519.851735766943 0.039600133356457186
0.1215333606366228 -0.004285387480717245 0.0 1.272083868381986 100196.8090190777 0.0 0.0 0.0 274.3941834424067 1.482436804702634e-05 0.0 1.773206176579313e-05 0.3836766154002023 0.185232825994401 1.667512077614327e-05 0.02325338346663681 10.76193783978998 0.4687235237042506 0.0 -2485.835573195393 -2526.652036510792 0.040662854263190586
0.1196229477158545 -0.004366324144309972 0.0 1.272110052401338 100198.8714264799 0.0 0.0 0.0 274.3941834424067 1.485180249133512e-05 0.0 1.776562117286374e-05 0.3844323550058159 0.1854631793589624 1.667512077614327e-05 0.02325338346663681 10.80517990462551 0.4459266544900674 0.0 -2494.056512992937 -2535.435666895029 0.04190755977380119
0.1177121706535223 -0.004443094693710093 0.0 1.272143382207955 100201.496678125 0.0 0.0 0.0 274.3941834424067 1.487239621079758e-05 0.0 1.779100774965696e-05 0.3848112492069768 0.185752782565145 1.667512077614327e-05 0.02325338346663681 10.82710287510369 0.4239354487380653 0.0 -2500.433314667927 -2544.652654136542 0.043491953422646085
0.1158010312370004 -0.004515971667410308 0.0 1.272176392840621 100204.0967897521 0.0 0.0 0.0 274.3941834424067 1.48550490017666e-05 0.0 1.77704861341664e-05 0.3847435261702226 0.1853547951399363 1.667512077614327e-05 0.02325338346663681 10.82368288777092 0.4064398944700318 0.0 -2504.145421544441 -2543.449764604176 0.04506117455082984
0.1138895803818083 -0.004586635691421708 0.0 1.272201634833528 100206.0849976096 0.0 0.0 0.0 274.3941834424067 1.486524312738936e-05 0.0 1.77831768990228e-05 0.3848166025738587 0.1854691404658297 1.667512077614327e-05 0.02325338346663681 10.82798720678127 0.394981512726042 0.0 -2509.759155930396 -2551.763858805512 0.04626109910202518
0.1119778149550503 -0.004655435836858611 0.0 1.272219554740714 100207.4964749207 0.0 0.0 0.0 274.3941834424067 1.488389750980511e-05 0.0 1.780600145297641e-05 0.3853471259045706 0.1854816494400079 1.667512077614327e-05 0.02325338346663681 10.85806927684819 0.3855854601823036 0.0 -2518.388734276306 -2559.237912822493 0.04711295484368896
0.1100657206581417 -0.004722429881378 0.0 1.272230172772537 100208.3328135719 0.0 0.0 0.0 274.3941834424067 1.492648073793015e-05 0.0 1.785767866075473e-05 0.3864238045495129 0.1857242346546356 1.667512077614327e-05 0.02325338346663681 10.91912596023701 0.3758569951453876 0.0 -2529.76898722911 -2571.240112808608 0.047617702512253474
0.1081532631678185 -0.004787092680861665 0.0 1.272238960318616 100209.0249723974 0.0 0.0 0.0 274.3941834424067 1.499008761146448e-05 0.0 1.79347755340701e-05 0.3880790897814572 0.186170297171463 1.667512077614327e-05 0.02325338346663681 11.01331350898052 0.3626784837434979 0.0 -2544.461009679526 -2586.323634184824 0.04803543467486411
0.10624039449168 -0.004848417773147201 0.0 1.272255178314926 100210.3023971956 0.0 0.0 0.0 274.3941834424067 1.506301666463506e-05 0.0 1.802326908132035e-05 0.389829353647229 0.1868287702801995 1.667512077614327e-05 0.02325338346663681 11.11340890517667 0.3435449610786598 0.0 -2559.065246211308 -2604.277127285597 0.048806386953260665
0.1043270713357572 -0.004905388301640884 0.0 1.272279354942878 100212.2066906419 0.0 0.0 0.0 274.3941834424067 1.510409656955539e-05 0.0 1.807333717413655e-05 0.3912722666790426 0.1869425074351192 1.667512077614327e-05 0.02325338346663681 11.19632717653263 0.3218473272733309 0.0 -2571.35585499078 -2613.051453747833 0.049955667422242354
0.1024132977265593 -0.004958443594909069 0.0 1.272309859378804 100214.60939947 0.0 0.0 0.0 274.3941834424067 1.515423324029636e-05 0.0 1.813446431807539e-05 0.3924803096400796 0.187411821718259 1.667512077614327e-05 0.02325338346663681 11.26591448302223 0.3004169837736414 0.0 -2582.845188206729 -2627.849102808747 0.05140575187962501
0.1004990603089379 -0.005007477617729294 0.0 1.272346518983025 100217.4969255633 0.0 0.0 0.0 274.3941834424067 1.518298765255937e-05 0.0 1.816980201459073e-05 0.3934755651105126 0.1875142654504442 1.667512077614327e-05 0.02325338346663681 11.32335647399051 0.2794683562556289 0.0 -2593.556634622689 -2636.471476922924 0.053148433580882046
0.0985843603907741 -0.005052952216904665 0.0 1.272387244150775 100220.7046793575 0.0 0.0 0.0 274.3941834424067 1.521452869154613e-05 0.0 1.820857564178097e-05 0.3942556858287639 0.1878025281108234 1.667512077614327e-05 0.02325338346663681 11.36840430481448 0.2597092419395399 0.0 -2603.313742369278 -2648.211848870782 0.05508437932082039
0.09666918846414355 -0.005094976443568867 0.0 1.272430962364212 100224.1481830378 0.0 0.0 0.0 274.3941834424067 1.52317984727641e-05 0.0 1.823011769056581e-05 0.3948648814846972 0.1878498199701045 1.667512077614327e-05 0.02325338346663681 11.40357581462052 0.2413342970476725 0.0 -2612.319595038493 -2655.973320840226 0.05716260499150968
0.09475354202685275 -0.005134027849103903 0.0 1.272474887487441 100227.6079841506 0.0 0.0 0.0 274.3941834424067 1.525183887950136e-05 0.0 1.825501942505919e-05 0.3954148669131857 0.1879879987426246 1.667512077614327e-05 0.02325338346663681 11.43529535613867 0.2248681209175059 0.0 -2621.415866991061 -2665.489605231863 0.05925066649968194
0.0928374116348119 -0.005170329990106728 0.0 1.272519475270394 100231.1199802415 0.0 0.0 0.0 274.3941834424067 1.527336859806084e-05 0.0 1.828173655572468e-05 0.3959396767163174 0.1881565314052485 1.667512077614327e-05 0.02325338346663681 11.46554770039187 0.2092969909217529 0.0 -2630.556324062805 -2675.837257669115 0.06137022875635368
0.09092078476693759 -0.005203995727857411 0.0 1.272561220427577 100234.4080744039 0.0 0.0 0.0 274.3941834424067 1.528786999031656e-05 0.0 1.829990381127937e-05 0.3965451247000931 0.1881006528537731 1.667512077614327e-05 0.02325338346663681 11.50050126412335 0.1953677170481644 0.0 -2640.393016500841 -2682.949395171514 0.06335466156965462
0.08900365378333283 -0.005235461023101372 0.0 1.272601291151321 100237.5642803382 0.0 0.0 0.0 274.3941834424067 1.532862281316636e-05 0.0 1.834984000051299e-05 0.3973678133444972 0.1885118081599112 1.667512077614327e-05 0.02325338346663681 11.54810681362073 0.1813506783906663 0.0 -2651.870455440125 -2698.562636974915 0.0652594971103241
0.08708599517518807 -0.005264223125391859 0.0 1.272639459542542 100240.5706473717 0.0 0.0 0.0 274.3941834424067 1.53557136991898e-05 0.0 1.838320737140975e-05 0.3984061980523146 0.1884780879796754 1.667512077614327e-05 0.02325338346663681 11.60840775419349 0.1666154940828919 0.0 -2664.551488336183 -2707.126740544967 0.06707390177620415
0.08516779762167753 -0.005290524298752051 0.0 1.272676689375321 100243.5030880208 0.0 0.0 0.0 274.3941834424067 1.541557169251401e-05 0.0 1.845625360190952e-05 0.3997456092857814 0.1890237536751083 1.667512077614327e-05 0.02325338346663681 11.68643885472954 0.1502338763995724 0.0 -2679.142601675849 -2726.238389825205 0.0688436903405678
0.08324903593561614 -0.005313561047059323 0.0 1.272716086692684 100246.6062525069 0.0 0.0 0.0 274.3941834424067 1.546501533885819e-05 0.0 1.851672578716056e-05 0.401361726174513 0.1891957647361699 1.667512077614327e-05 0.02325338346663681 11.78097660168292 0.1307821042561715 0.0 -2695.359419706209 -2739.131404141459 0.07071651427052464
0.08132969537077088 -0.005333146370524867 0.0 1.272761235851669 100250.1624658766 0.0 0.0 0.0 274.3941834424067 1.553829354307416e-05 0.0 1.860616721591033e-05 0.4031206206033192 0.1898657774371728 1.667512077614327e-05 0.02325338346663681 11.88422656989199 0.1075679442939747 0.0 -2712.504288546864 -2760.576857353248 0.07286276256920378
0.07940975596944919 -0.005348331076540895 0.0 1.272816434506389 100254.5102366507 0.0 0.0 0.0 274.3941834424067 1.558955246070342e-05 0.0 1.866909189914531e-05 0.4047466937575226 0.1901362125348863 1.667512077614327e-05 0.02325338346663681 11.97995997317795 0.08091044287504141 0.0 -2728.58041345483 -2774.927269341107 0.07548673212808989
0.07940975596944919 -0.005348331076540895 0.0 1.272816434506389 100254.5102366507 0.0 0.0 0.0 274.3941834424067 1.558955246070342e-05 0.0 1.866909189914531e-05 0.4047466937575226 0.1901362125348863 1.667512077614327e-05 0.02325338346663681 11.97995997317795 0.08091044287504141 0.0 -2728.58041345483 -2774.927269341107 0.07548673212808989
0.07748978658936831 -0.005359096268388408 0.0 1.272879554401245 100259.4819308977 0.0 0.0 0.0 274.3941834424067 1.563882769032827e-05 0.0 1.8729740316003e-05 0.4062035687425271 0.190486168777276 1.667512077614327e-05 0.02325338346663681 12.0658777519924 0.05362595029611945 0.0 -2743.993579332296 -2790.535876761938 0.07848725240342004
0.07558442706362752 -0.005365348311172961 0.0 1.272954478333366 100265.3833805617 0.0 0.0 0.0 274.3941834424067 1.568631188145068e-05 0.0 1.87884042456574e-05 0.4073924345983004 0.1909701256486752 1.667512077614327e-05 0.02325338346663681 12.13594223220292 0.02504179692035266 0.0 -2758.130994252365 -2808.112962774095 0.08204889929700608
0.0736943726789971 -0.005366938175283794 0.0 1.273037041882419 100271.8865713985 0.0 0.0 0.0 274.3941834424067 1.569776056156277e-05 0.0 1.880351400176276e-05 0.4082170774417497 0.1908585388788488 1.667512077614327e-05 0.02325338346663681 12.18434484111487 -0.001760400822877849 0.0 -2770.195855394918 -2815.080756283433 0.08597370943027925
0.07182029243382396 -0.005364810991113895 0.0 1.273127421234609 100279.0053808699 0.0 0.0 0.0 274.3941834424067 1.572994556686647e-05 0.0 1.884387943556113e-05 0.4087940453430958 0.1913735263028406 1.667512077614327e-05 0.02325338346663681 12.21786233394619 -0.02688152378706774 0.0 -2781.637447006191 -2832.831501879858 0.09027005813837927
0.06996282920851295 -0.005358732061925323 0.0 1.273225318215605 100286.7163230115 0.0 0.0 0.0 274.3941834424067 1.571871830827988e-05 0.0 1.883173476586493e-05 0.4089503554808042 0.1911468893679218 1.667512077614327e-05 0.02325338346663681 12.22618460032011 -0.04975383677459033 0.0 -2790.492087041283 -2837.01402301526 0.09492377115617606
0.06812259450665886 -0.005349762472446557 0.0 1.273324610155707 100294.5371403388 0.0 0.0 0.0 274.3941834424067 1.571482523425521e-05 0.0 1.882850088541713e-05 0.4088336093164343 0.1912302197677531 1.667512077614327e-05 0.02325338346663681 12.21813215346955 -0.06791755962588579 0.0 -2798.256671298628 -2846.918195736938 0.09964379612038153
0.0663001716979885 -0.005338371403349767 0.0 1.273426260169513 100302.5436934232 0.0 0.0 0.0 274.3941834424067 1.570187408802465e-05 0.0 1.881431885201543e-05 0.408563596554186 0.1911927749752717 1.667512077614327e-05 0.02325338346663681 12.20090176113287 -0.08322345640450106 0.0 -2805.698901636769 -2854.515361233552 0.10447591645436273
0.06449611528831956 -0.005325023705257155 0.0 1.273526760285874 100310.4596738202 0.0 0.0 0.0 274.3941834424067 1.567839530427638e-05 0.0 1.878735218951715e-05 0.4081073055389919 0.1910097407756858 1.667512077614327e-05 0.02325338346663681 12.17259560493342 -0.09486298334306599 0.0 -2812.177996598045 -2859.618864588757 0.10925337429876865
0.06271094894310474 -0.005310398237057516 0.0 1.273624856198415 100318.1862849806 0.0 0.0 0.0 274.3941834424067 1.566117664949005e-05 0.0 1.876793697542689e-05 0.4075583180657441 0.1909942784072427 1.667512077614327e-05 0.02325338346663681 12.13883001963828 -0.1032738815644897 0.0 -2818.446558601011 -2868.0981020667 0.11391654389340146
0.060945170214832 -0.005294811507589231 0.0 1.273716916428894 100325.4374903145 0.0 0.0 0.0 274.3941834424067 1.563214598476628e-05 0.0 1.873410522079716e-05 0.4070528140012362 0.1906619494814585 1.667512077614327e-05 0.02325338346663681 12.10779629105987 -0.1083470313856803 0.0 -2825.245566558768 -2871.439329082043 0.118292796242004
0.05919924428837398 -0.005278973186100435 0.0 1.273802538764254 100332.1816091553 0.0 0.0 0.0 274.3941834424067 1.563025928293269e-05 0.0 1.873309145605981e-05 0.4067726801242513 0.190798745569675 1.667512077614327e-05 0.02325338346663681 12.09024754683298 -0.1119690990111614 0.0 -2833.829097355451 -2883.892819241211 0.12236301140724122
0.05747361611480779 -0.005262660791585353 0.0 1.273882901484441 100338.5114497633 0.0 0.0 0.0 274.3941834424067 1.561915174673976e-05 0.0 1.872081620298309e-05 0.4067035023556081 0.1906078807451577 1.667512077614327e-05 0.02325338346663681 12.08531251184097 -0.1157111174330737 0.0 -2843.731086665208 -2890.565467121934 0.12618320109315825
0.05576869794448359 -0.005246127342623776 0.0 1.273958694329692 100344.4813401372 0.0 0.0 0.0 274.3941834424067 1.563011586874697e-05 0.0 1.873524122868846e-05 0.4067794836248588 0.1908192905452558 1.667512077614327e-05 0.02325338346663681 12.08902415123026 -0.1198313547000668 0.0 -2854.42673541881 -2905.093751805717 0.12978615337027696
0.05408487890613179 -0.005229070460423675 0.0 1.274029144677555 100350.0304239874 0.0 0.0 0.0 274.3941834424067 1.562852324047156e-05 0.0 1.873435781441645e-05 0.4070360518099093 0.190630481361059 1.667512077614327e-05 0.02325338346663681 12.10354303454067 -0.1239854394245583 0.0 -2866.198322350922 -2912.952742620888 0.13313514020954065
0.05242251335734209 -0.005211850275711362 0.0 1.274093857969213 100355.1276235403 0.0 0.0 0.0 274.3941834424067 1.565760972775404e-05 0.0 1.877060331552661e-05 0.4076372811017076 0.1909395923414733 1.667512077614327e-05 0.02325338346663681 12.13860911773233 -0.1290011944398989 0.0 -2880.444103297094 -2930.735594891816 0.13621140553200115
0.05078193623585421 -0.005193970723887126 0.0 1.274157196587125 100360.116545702 0.0 0.0 0.0 274.3941834424067 1.568529694316672e-05 0.0 1.880513576100765e-05 0.4085040625854108 0.1910976093967537 1.667512077614327e-05 0.02325338346663681 12.18955514692528 -0.1371587343454597 0.0 -2896.542270282614 -2945.499986827185 0.139222323210062
0.04916345244705792 -0.00517518137599926 0.0 1.274221038987138 100365.1451487056 0.0 0.0 0.0 274.3941834424067 1.572016614548756e-05 0.0 1.884839403189916e-05 0.4093206276334957 0.1914283285943372 1.667512077614327e-05 0.02325338346663681 12.23755727071989 -0.147423437330488 0.0 -2911.720626000641 -2963.921191999086 0.1422571890966811
0.04756733962064156 -0.005155247566777806 0.0 1.274280625601451 100369.8385409912 0.0 0.0 0.0 274.3941834424067 1.573705991807934e-05 0.0 1.886978387035016e-05 0.4102500824138152 0.1912777894315384 1.667512077614327e-05 0.02325338346663681 12.29248266470638 -0.1570406433294293 0.0 -2927.870516611814 -2974.271360882919 0.1450897483839942
0.04599383842315673 -0.005134690993118876 0.0 1.27433802069748 100374.3593164042 0.0 0.0 0.0 274.3941834424067 1.580031357645538e-05 0.0 1.894739983420499e-05 0.4115245817662328 0.1919867877128833 1.667512077614327e-05 0.02325338346663681 12.36820245608654 -0.1688921319697973 0.0 -2947.022209467493 -3001.193279850503 0.14781812981957823
0.0444431817022542 -0.005112592398725532 0.0 1.27439605056179 100378.9300899013 0.0 0.0 0.0 274.3941834424067 1.583538181060793e-05 0.0 1.899083165530492e-05 0.4129135226795382 0.1919997770517116 1.667512077614327e-05 0.02325338346663681 12.4510283871986 -0.184122697013686 0.0 -2966.406860879117 -3015.284079645895 0.15057668613270972
0.04291556069971336 -0.005089175651441034 0.0 1.274451455368573 100383.2940984245 0.0 0.0 0.0 274.3941834424067 1.589731362665567e-05 0.0 1.906683553389898e-05 0.4145093502013837 0.192492248262758 1.667512077614327e-05 0.02325338346663681 12.54660776989566 -0.2009790747412651 0.0 -2987.080547394467 -3039.398409046181 0.15321045550891302
0.04141115073900303 -0.005064032699035543 0.0 1.274507755899411 100387.7286594439 0.0 0.0 0.0 274.3941834424067 1.596225765733204e-05 0.0 1.914652241381558e-05 0.4164771054356695 0.1928813865721428 1.667512077614327e-05 0.02325338346663681 12.66507215366531 -0.2221428532098456 0.0 -3010.552335832898 -3061.682724625952 0.15588680477534966
0.03993010180199538 -0.005036823789102567 0.0 1.274568363882986 100392.5025007811 0.0 0.0 0.0 274.3941834424067 1.604155128816092e-05 0.0 1.924371081244778e-05 0.4186185813145969 0.1935303898351047 1.667512077614327e-05 0.02325338346663681 12.79452343654789 -0.2485326055731127 0.0 -3034.932773845045 -3089.014603460562 0.1587679167287099
0.03847254584234742 -0.005006966546886268 0.0 1.274635652482339 100397.8025467184 0.0 0.0 0.0 274.3941834424067 1.610821951639546e-05 0.0 1.932569008147672e-05 0.4207270285039488 0.193945582959423 1.667512077614327e-05 0.02325338346663681 12.9224154219411 -0.2790790786788109 0.0 -3058.973777306718 -3111.784370205362 0.16196660403830368
0.0370385822768415 -0.004974392646615641 0.0 1.274708878146299 100403.5702307913 0.0 0.0 0.0 274.3941834424067 1.617753882644377e-05 0.0 1.941099624794007e-05 0.4227502867008004 0.1944776467303765 1.667512077614327e-05 0.02325338346663681 13.04549694661216 -0.3119053381880403 0.0 -3082.647822677526 -3137.21663763568 0.16544752063185292
0.03562828903998377 -0.00493897909856166 0.0 1.274787449379029 100409.7589633081 0.0 0.0 0.0 274.3941834424067 1.624001467547638e-05 0.0 1.948809020613183e-05 0.4247694605236013 0.1948747327939238 1.667512077614327e-05 0.02325338346663681 13.16873907241199 -0.3467304450446855 0.0 -3106.670466817031 -3160.396065573227 0.16918254866710386
0.03424171777934736 -0.004900768028659111 0.0 1.274871246855062 100416.3593454928 0.0 0.0 0.0 274.3941834424067 1.631021437112145e-05 0.0 1.957466422504772e-05 0.4268631651133885 0.1954308569772044 1.667512077614327e-05 0.02325338346663681 13.296985833447 -0.3842969814086425 0.0 -3131.627343155515 -3186.838251584383 0.1731660157884214
0.0328789054778948 -0.004859537531528703 0.0 1.274962468077913 100423.5444656501 0.0 0.0 0.0 274.3941834424067 1.637794924764773e-05 0.0 1.965837849095925e-05 0.4289516142819046 0.195959938077576 1.667512077614327e-05 0.02325338346663681 13.42524618489551 -0.4255486120348678 0.0 -3156.456495175545 -3212.835022381313 0.1775023843665349
0.03153986728482326 -0.004815144089358815 0.0 1.275059354214475 100431.1757877374 0.0 0.0 0.0 274.3941834424067 1.643808519755142e-05 0.0 1.973296635783334e-05 0.4310846407660989 0.1963333085284732 1.667512077614327e-05 0.02325338346663681 13.5566884673669 -0.4694107423946798 0.0 -3181.694887378861 -3235.872517730636 0.18210804503529873
0.03022459170069115 -0.004767650120504383 0.0 1.275165626708501 100439.5464345576 0.0 0.0 0.0 274.3941834424067 1.651631568147953e-05 0.0 1.982971154030259e-05 0.4332816404741009 0.1971276382736257 1.667512077614327e-05 0.02325338346663681 13.69240385107122 -0.5178328362586062 0.0 -3207.711046512125 -3267.021722551413 0.18715990346702138
0.02893306770732088 -0.004716579577373335 0.0 1.275282785165443 100448.7745238581 0.0 0.0 0.0 274.3941834424067 1.656635674808754e-05 0.0 1.989238589933191e-05 0.4353223491986095 0.1974383884618879 1.667512077614327e-05 0.02325338346663681 13.81850446479148 -0.5696345141274505 0.0 -3232.527955727643 -3287.988244781398 0.19272924616451617
0.02766524123619834 -0.004662166001481271 0.0 1.275410514800323 100458.8352613223 0.0 0.0 0.0 274.3941834424067 1.662609508418964e-05 0.0 1.9967033468158e-05 0.4371394274768036 0.1981185813699951 1.667512077614327e-05 0.02325338346663681 13.9305284552698 -0.6230327920838067 0.0 -3256.149092484783 -3316.268693427254 0.19880110924506195
0.02642105374366473 -0.004604249086280065 0.0 1.275548356584746 100469.6924911732 0.0 0.0 0.0 274.3941834424067 1.665790500333153e-05 0.0 2.000789961858986e-05 0.4387024657066002 0.1983526126496304 1.667512077614327e-05 0.02325338346663681 14.02645334353963 -0.6769815122652125 0.0 -3278.290167792163 -3335.183011065375 0.2053536719496678
0.0252004070396551 -0.004543215240066521 0.0 1.275693074851419 100481.0913532198 0.0 0.0 0.0 274.3941834424067 1.669678438892328e-05 0.0 2.005748345941543e-05 0.440131812706834 0.1988355322286649 1.667512077614327e-05 0.02325338346663681 14.11385192542759 -0.7307170027912459 0.0 -3299.816370496002 -3359.404310465997 0.21223312088343244
0.0240031992741964 -0.004479083229823756 0.0 1.275845011783755 100493.0587998407 0.0 0.0 0.0 274.3941834424067 1.672643594006724e-05 0.0 2.009597066012584e-05 0.4415768103588069 0.1991621253228422 1.667512077614327e-05 0.02325338346663681 14.2021944170614 -0.7863279887538536 0.0 -3321.669188967101 -3379.892632601385 0.2194557223641292
0.02282931092517671 -0.004411949437939389 0.0 1.276005046184846 100505.6640507375 0.0 0.0 0.0 274.3941834424067 1.676206289649764e-05 0.0 2.014186732198712e-05 0.4430247936033633 0.1996831699908662 1.667512077614327e-05 0.02325338346663681 14.29054943691832 -0.8449043763528908 0.0 -3343.321968602068 -3403.827647727991 0.22706325191289722
0.02167862021754058 -0.004341660889105089 0.0 1.276175064579761 100519.0556997226 0.0 0.0 0.0 274.3941834424067 1.678565105788238e-05 0.0 2.017328745760677e-05 0.4443865560669269 0.2000640212470234 1.667512077614327e-05 0.02325338346663681 14.37309222195224 -0.9066201431184312 0.0 -3364.112070306525 -3423.754539303534 0.2351453889679179
0.02055098212653089 -0.004268250781941261 0.0 1.276355301496695 100533.2522196165 0.0 0.0 0.0 274.3941834424067 1.680540753830059e-05 0.0 2.020021667986299e-05 0.4455482699625875 0.2005238855913137 1.667512077614327e-05 0.02325338346663681 14.44238324896379 -0.9701876877542984 0.0 -3383.039200535917 -3444.658547170671 0.24371328225831987
0.01944624114021366 -0.00419170820803817 0.0 1.276543856973751 100548.1039582429 0.0 0.0 0.0 274.3941834424067 1.680876881528101e-05 0.0 2.020732971177775e-05 0.4465864143876199 0.2007555465800297 1.667512077614327e-05 0.02325338346663681 14.50339128722252 -1.034842053980932 0.0 -3400.789408962876 -3459.945371745463 0.25267661360141963
0.01836421392522317 -0.004112231295701986 0.0 1.276741012276707 100563.6330697491 0.0 0.0 0.0 274.3941834424067 1.682220890328224e-05 0.0 2.022685233234876e-05 0.4476281247040148 0.2012983779961835 1.667512077614327e-05 0.02325338346663681 14.56416320335655 -1.102539290164122 0.0 -3418.187652771732 -3480.683767467257 0.26204875348319207
0.01730473705516936 -0.004029602602324582 0.0 1.276948110381048 100579.945334785 0.0 0.0 0.0 274.3941834424067 1.681922736570509e-05 0.0 2.022654392837799e-05 0.4486515148684334 0.201599528068149 1.667512077614327e-05 0.02325338346663681 14.62315891571754 -1.174619491696357 0.0 -3434.315250117732 -3494.641288246567 0.2718935427130091
0.01626761855856477 -0.003943830804333388 0.0 1.27716560264452 100597.0763049418 0.0 0.0 0.0 274.3941834424067 1.682068278089174e-05 0.0 2.023180463902345e-05 0.4496904139937487 0.2021334134982934 1.667512077614327e-05 0.02325338346663681 14.68241905047331 -1.251858007808637 0.0 -3449.532607107835 -3511.447520027414 0.282232437411248
0.01525268382360145 -0.003854651904666543 0.0 1.277397274176624 100615.3241177113 0.0 0.0 0.0 274.3941834424067 1.681235803705307e-05 0.0 2.022538031584754e-05 0.4506136178587218 0.2026579361702061 1.667512077614327e-05 0.02325338346663681 14.7330961474551 -1.335483518635368 0.0 -3462.150626232024 -3525.60519462435 0.29324536971865284
0.01425974697023343 -0.003761836011020158 0.0 1.277639625303377 100634.4131181825 0.0 0.0 0.0 274.3941834424067 1.678331543930278e-05 0.0 2.019388313247697e-05 0.4515383269921462 0.2028819709978807 1.667512077614327e-05 0.02325338346663681 14.78294456410396 -1.424509934663663 0.0 -3472.404453008683 -3531.408418504911 0.3047659761968689
0.01328859644328317 -0.003665402310240872 0.0 1.277896105849853 100654.6150348729 0.0 0.0 0.0 274.3941834424067 1.67793298203203e-05 0.0 2.0193131162858e-05 0.4529173617659064 0.2037561042111991 1.667512077614327e-05 0.02325338346663681 14.86097607234886 -1.526453623413271 0.0 -3484.4817703428 -3546.991662040845 0.3169582506245789
0.01233909630966435 -0.00356457900707298 0.0 1.278179599310795 100676.9446476211 0.0 0.0 0.0 274.3941834424067 1.676282504624457e-05 0.0 2.017755127506868e-05 0.4543430356803009 0.2047085883191246 1.667512077614327e-05 0.02325338346663681 14.93959481172637 -1.64530663728357 0.0 -3493.426751883421 -3558.762778504185 0.33043463361649866
0.01141111342774875 -0.003458652371983274 0.0 1.278490571009725 100701.438608045 0.0 0.0 0.0 274.3941834424067 1.670132768104541e-05 0.0 2.010755508333222e-05 0.4554821882458761 0.2051826564447012 1.667512077614327e-05 0.02325338346663681 14.99704267319485 -1.774606463183648 0.0 -3496.61727728736 -3555.17869809983 0.3452172451818528
0.01050445569444773 -0.003347503011695944 0.0 1.278835254388469 100728.5878986936 0.0 0.0 0.0 274.3941834424067 1.664763811966871e-05 0.0 2.004758181970752e-05 0.4564885692805362 0.2064558381769946 1.667512077614327e-05 0.02325338346663681 15.0426142000296 -1.916873272608348 0.0 -3496.749778542119 -3562.59905958513 0.3616024034407598
0.00961902579928693 -0.003230303551025621 0.0 1.279220685440371 100758.9467157946 0.0 0.0 0.0 274.3941834424067 1.653286303048155e-05 0.0 1.991372976114038e-05 0.4571195023314089 0.2071616435170647 1.667512077614327e-05 0.02325338346663681 15.0597615449184 -2.071561702894092 0.0 -3491.085447609121 -3550.587742198262 0.37992457727549045
0.008754660858333957 -0.003106813727060705 0.0 1.279650469942335 100792.7990715496 0.0 0.0 0.0 274.3941834424067 1.639564700759631e-05 0.0 1.975313650099035e-05 0.4573191666981964 0.2083911733002798 1.667512077614327e-05 0.02325338346663681 15.04424489388202 -2.236800899705465 0.0 -3480.276849557046 -3542.393524096161 0.40035517392207665
0.007911276158457586 -0.002976391893288161 0.0 1.280134125133342 100830.8945996897 0.0 0.0 0.0 274.3941834424067 1.619924090142241e-05 0.0 1.952109100863969e-05 0.4569495189375739 0.209569744363492 1.667512077614327e-05 0.02325338346663681 14.98617093848726 -2.41302287350654 0.0 -3463.947893633894 -3524.722089738923 0.4233466128370539
0.00708877414025986 -0.002838557399590332 0.0 1.280674285512603 100873.4408088711 0.0 0.0 0.0 274.3941834424067 1.593389179971323e-05 0.0 1.920567699293515e-05 0.4560313176867262 0.2107192567803207 1.667512077614327e-05 0.02325338346663681 14.88676592477694 -2.598002484327954 0.0 -3444.011141518 -3499.076864713799 0.44902412978499945
0.006287076683076483 -0.002692911657587072 0.0 1.281282866182065 100921.3762026186 0.0 0.0 0.0 274.3941834424067 1.561530276108565e-05 0.0 1.8826164476219e-05 0.4547296709512457 0.2127734173515231 1.667512077614327e-05 0.02325338346663681 14.75540508407757 -2.797241808687929 0.0 -3425.292341136092 -3483.714248470045 0.4779541310480853
0.005506228688145449 -0.002538500818537731 0.0 1.281974128230899 100975.824068212 0.0 0.0 0.0 274.3941834424067 1.517603906214789e-05 0.0 1.830041667917589e-05 0.4527456287638615 0.2147964846357639 1.667512077614327e-05 0.02325338346663681 14.57163158987706 -3.009274063785739 0.0 -3409.914520742395 -3459.943229666917 0.5108145437253356
0.004746281587709518 -0.002374635379281665 0.0 1.282759221293693 101037.6626164636 0.0 0.0 0.0 274.3941834424067 1.460839192697982e-05 0.0 1.761909925863879e-05 0.4495428773099339 0.2181447423060302 1.667512077614327e-05 0.02325338346663681 14.30049373057812 -3.225944440755094 0.0 -3400.165778698672 -3455.111556566657 0.5481353862003123
0.0040074182118196 -0.002200253379721703 0.0 1.283645610843762 101107.4798719703 0.0 0.0 0.0 274.3941834424067 1.379905702680174e-05 0.0 1.664407297317278e-05 0.4457568461730284 0.2210573595634369 1.667512077614327e-05 0.02325338346663681 13.98272901737612 -3.455498660438929 0.0 -3414.494669000688 -3442.299022916813 0.5902715434755312
0.003289840953593822 -0.002014572586584402 0.0 1.284652464412607 101186.7855822738 0.0 0.0 0.0 274.3941834424067 1.27376747601774e-05 0.0 1.536309621060009e-05 0.4414183185620508 0.2304299310159562 1.667512077614327e-05 0.02325338346663681 13.61291706423595 -3.717629869874008 0.0 -3477.548015220128 -3521.535253376499 0.638134179408721
0.002594591541082093 -0.001814162667964239 0.0 1.285858662764383 101281.792860407 0.0 0.0 0.0 274.3941834424067 1.103484846155476e-05 0.0 1.330349233335442e-05 0.4370798233193379 0.2393138471228619 1.667512077614327e-05 0.02325338346663681 13.20578880079182 -4.070552473095526 0.0 -3648.712418434439 -3619.158234656755 0.6954730361806943
0.001923827531356556 -0.001593271513506114 0.0 1.287191041419912 101386.7388415701 0.0 0.0 0.0 274.3941834424067 8.38244112973579e-06 0.0 1.00937297101652e-05 0.4326019228142914 0.2717659158717018 1.667512077614327e-05 0.02325338346663681 12.71311675066389 -4.582194180101207 0.0 -3992.652573967619 -4010.205744136447 0.7588101057288665
0.00128270244826686 -0.001340741534290267 0.0 1.289353848003647 101557.0942116852 0.0 0.0 0.0 274.3941834424067 4.590536309712271e-06 0.0 5.518345023050524e-06 0.3992631907310345 0.333930885412672 1.667512077614327e-05 0.02325338346663681 10.48767715882995 -4.640978698233994 0.0 -4735.004609153725 -4466.665298119539 0.8616230939472164
0.0006852369100282687 -0.001032985678466128 0.0 1.291588618748257 101733.117902469 0.0 0.0 0.0 274.3941834424067 1.800768902066795e-06 0.0 2.162779348564895e-06 0.2186557345291376 0.3854610262488509 1.667512077614327e-05 0.02325338346663681 3.173422791320695 -1.199143096465352 0.0 -5267.247943667874 -6121.544156354988 0.9678570308902044
0.0001993579988747344 -0.0005994581692067289 0.0 1.29225378385265 101785.5102191924 0.0 0.0 0.0 274.3941834424067 1.601496932585257e-08 0.0 1.921058929321041e-08 0.4477667759915928 0.3801308541097064 1.667512077614327e-05 0.02325338346663681 -5.089787389918643 12.78938407885186 0.0 -6265.7801611717 -4588.476155354847 0.9994768773228376
5.537446488847895e-08 1.799751602233834e-09 0.0 1.283319916907804 101081.8263015486 0.0 0.0 0.0 274.3941834424067 5.401577602374925e-06 0.0 6.46757389284768e-06 0.7288380539007451 0.6354299060456507 1.667512077614327e-05 0.02325338346663681 1.478228089647562 36.54405680256897 0.0 -8611.53185223274 -10923.74220259515 0.574789083299827
0.0001364802110099461 0.0006200608535677866 0.0 1.270823457124553 100097.5316135658 0.0 0.0 0.0 274.3941834424067 1.382650464158138e-05 0.0 1.650915595505778e-05 0.8399802029731255 0.4718316634027065 1.667512077614327e-05 0.02325338346663681 17.83224090574988 47.5483624245667 0.0 -8824.405242766241 -8879.740725778072 -0.019253112673141136
0.0004458146775657832 0.001197111406224597 0.0 1.265530118221279 99680.59710134745 0.0 0.0 0.0 274.3941834424067 1.971135467051597e-05 0.0 2.353916775463511e-05 0.8095023207157144 0.3116103629092865 1.667512077614327e-05 0.02325338346663681 25.29109194803936 40.73307205383956 0.0 -7180.646408862522 -6939.162446306035 -0.2708817115460039
0.0008404797071028574 0.001739545091480176 0.0 1.262593446911055 99449.2875928034 0.0 0.0 0.0 274.3941834424067 2.286119994982732e-05 0.0 2.729555724196635e-05 0.7659710618176895 0.2883189656351121 1.667512077614327e-05 0.02325338346663681 26.97866373713142 33.65364209916235 0.0 -6458.093575365169 -6506.575893444583 -0.410481782624853
0.001295204738019611 0.002254518632682922 0.0 1.260761741580623 99305.01170523475 0.0 0.0 0.0 274.3941834424067 2.458949468288405e-05 0.0 2.934937250133539e-05 0.7539729746696539 0.2671966374469253 1.667512077614327e-05 0.02325338346663681 28.83040004516549 30.39572280817084 0.0 -6287.649007239427 -6347.432082181063 -0.4975552638938402
0.001797011830818566 0.002747385863331116 0.0 1.259335247928889 99192.65267330117 0.0 0.0 0.0 274.3941834424067 2.58237115912478e-05 0.0 3.081161594984315e-05 0.751853870528454 0.2618173754711398 1.667512077614327e-05 0.02325338346663681 30.59561520458458 28.37031719693508 0.0 -6307.672338747051 -6434.335346143815 -0.5653662628579902
0.002338374559669752 0.003222053225879362 0.0 1.258158434773961 99099.95994614207 0.0 0.0 0.0 274.3941834424067 2.666355902497679e-05 0.0 3.180041840860134e-05 0.7544208784542968 0.2570253233247362 1.667512077614327e-05 0.02325338346663681 32.27837577925695 26.96548666923554 0.0 -6385.831946627974 -6513.870212720429 -0.6213082402602659
0.002914679469080722 0.003681249074885264 0.0 1.257163988510361 99021.63150819056 0.0 0.0 0.0 274.3941834424067 2.725732195469877e-05 0.0 3.249455520360852e-05 0.7551719724518589 0.2547243528017556 1.667512077614327e-05 0.02325338346663681 33.53185736271936 25.59196604104372 0.0 -6445.182334425926 -6599.504236801782 -0.6685810721224457
0.003523306579113885 0.004126383485232988 0.0 1.256355764785166 98957.97105289286 0.0 0.0 0.0 274.3941834424067 2.752693404659816e-05 0.0 3.280002607972371e-05 0.7518248565099629 0.2515506893885968 1.667512077614327e-05 0.02325338346663681 34.2158633144387 24.08067312731171 0.0 -6454.219838886211 -6601.28900827076 -0.7070014731704196
0.004162121527313127 0.004558929583495875 0.0 1.255739162764278 98909.40385031821 0.0 0.0 0.0 274.3941834424067 2.757487122933336e-05 0.0 3.284172295111987e-05 0.7447215474931408 0.2486108256843451 1.667512077614327e-05 0.02325338346663681 34.37289605840578 22.49070460554124 0.0 -6413.387438178584 -6557.523621764919 -0.7363127841242904
0.004829254211326238 0.004980561756866701 0.0 1.255280683950272 98873.29136174094 0.0 0.0 0.0 274.3941834424067 2.749240097695216e-05 0.0 3.272966304732843e-05 0.7364094127369776 0.2459180711904828 1.667512077614327e-05 0.02325338346663681 34.25793429726333 21.00137803660978 0.0 -6347.525743311404 -6482.46218981749 -0.7581074176607736
0.005523132140370483 0.005392995962384304 0.0 1.254920051971647 98844.88586554168 0.0 0.0 0.0 274.3941834424067 2.739100139653006e-05 0.0 3.259736110089796e-05 0.7286228395027503 0.2441511898055999 1.667512077614327e-05 0.02325338346663681 34.06875283588069 19.69292112641186 0.0 -6272.812608801176 -6410.744749816962 -0.775250721943444
0.00624276095463651 0.005797391387947807 0.0 1.254613006106785 98820.7011269043 0.0 0.0 0.0 274.3941834424067 2.72625829547779e-05 0.0 3.243386286316818e-05 0.7218134292127563 0.2425041557408132 1.667512077614327e-05 0.02325338346663681 33.88237852532414 18.55391008454692 0.0 -6195.880587996939 -6325.948843668074 -0.7898467117670074
0.006987430635320195 0.006194662357605962 0.0 1.25433786587469 98799.02946360134 0.0 0.0 0.0 274.3941834424067 2.715393930371738e-05 0.0 3.229521493357133e-05 0.7155760177514087 0.2415386650316157 1.667512077614327e-05 0.02325338346663681 33.68728759153724 17.52766816987257 0.0 -6118.123887895333 -6253.902642904011 -0.8029260086646257
0.007756894931611014 0.00658503509217185 0.0 1.254092640700818 98779.71408627136 0.0 0.0 0.0 274.3941834424067 2.699373430032444e-05 0.0 3.209507638432246e-05 0.7088207878109531 0.2402771543835576 1.667512077614327e-05 0.02325338346663681 33.39725413066407 16.54101442539292 0.0 -6031.522100781061 -6165.552136297469 -0.8145832382577937
0.008550906731314074 0.006968829438118318 0.0 1.253892719526825 98763.96711849095 0.0 0.0 0.0 274.3941834424067 2.677888265265249e-05 0.0 3.18301683719869e-05 0.7014813277910313 0.2386811719544278 1.667512077614327e-05 0.02325338346663681 33.00854137263823 15.5974810983667 0.0 -5937.860379149023 -6060.952220162683 -0.8240868589055464
0.009369118454722438 0.007346676697334699 0.0 1.253730874339303 98751.21923940227 0.0 0.0 0.0 274.3941834424067 2.659062803871276e-05 0.0 3.159851082899519e-05 0.6942222175588277 0.2377530653993094 1.667512077614327e-05 0.02325338346663681 32.59299634843347 14.7172641726384 0.0 -5847.052529151476 -5975.506849210769 -0.8317804675171685
0.01021154518407462 0.007718511001219435 0.0 1.253600916372864 98740.98298543548 0.0 0.0 0.0 274.3941834424067 2.636114723438087e-05 0.0 3.131797151568865e-05 0.6864836780995445 0.236526825709447 1.667512077614327e-05 0.02325338346663681 32.10813592774102 13.8633801625929 0.0 -5753.090797838876 -5879.311678247283 -0.8379582584360997
0.01107815953869169 0.00808439523479419 0.0 1.25351579517346 98734.27833901069 0.0 0.0 0.0 274.3941834424067 2.608553942173975e-05 0.0 3.098298719815269e-05 0.6780405487391257 0.2350081815449926 1.667512077614327e-05 0.02325338346663681 31.53312788659144 13.03562159150326 0.0 -5654.068271490047 -5772.79480355456 -0.8420046511821206
0.01196880082791002 0.008444755135028495 0.0 1.253472897089859 98730.89943358104 0.0 0.0 0.0 274.3941834424067 2.581576208709665e-05 0.0 3.065622875550938e-05 0.6694505917655644 0.2338170917319554 1.667512077614327e-05 0.02325338346663681 30.92375334691019 12.25621901165812 0.0 -5557.005696942907 -5676.509460692632 -0.8440438904728742
0.01288345516411322 0.008799709314450307 0.0 1.253465130051231 98730.28765592595 0.0 0.0 0.0 274.3941834424067 2.552507573947987e-05 0.0 3.030521527027387e-05 0.6606143343311874 0.2325189980679436 1.667512077614327e-05 0.02325338346663681 30.27602554095199 11.5167068845682 0.0 -5459.649114588626 -5577.797441754959 -0.8444131109371494
0.01382206805363607 0.009149523846562502 0.0 1.253494864511311 98732.62971692682 0.0 0.0 0.0 274.3941834424067 2.520750203256763e-05 0.0 2.992278571227223e-05 0.651636432704732 0.230972515123332 1.667512077614327e-05 0.02325338346663681 29.59963284843025 10.82787150955446 0.0 -5361.680344251183 -5472.603194665822 -0.8429996286974816
0.01478443233167136 0.00949492946465894 0.0 1.253552284636203 98737.15246376026 0.0 0.0 0.0 274.3941834424067 2.491823812241044e-05 0.0 2.957526743784677e-05 0.6432270757362697 0.2297952948391191 1.667512077614327e-05 0.02325338346663681 28.96084128955334 10.21290348498966 0.0 -5269.7840911012 -5379.985841039992 -0.8402700574689005
0.01577043929556816 0.009836456275840434 0.0 1.25362137811703 98742.5946727804 0.0 0.0 0.0 274.3941834424067 2.464857539359798e-05 0.0 2.925173143923791e-05 0.6355356411512135 0.2287285983101003 1.667512077614327e-05 0.02325338346663681 28.37583007264702 9.668187798170605 0.0 -5183.053022788709 -5293.281837052866 -0.8369855717993763
0.0167799729316047 0.01017471627711315 0.0 1.253696357701374 98748.50050594093 0.0 0.0 0.0 274.3941834424067 2.438930173417598e-05 0.0 2.894091209433655e-05 0.6289057434395643 0.2274687035189114 1.667512077614327e-05 0.02325338346663681 27.87424563266947 9.203282358842095 0.0 -5103.667200818949 -5203.518591186346 -0.8334212793749974
0.01781281161917261 0.01051069655196838 0.0 1.253759351530125 98753.46227047988 0.0 0.0 0.0 274.3941834424067 2.422034248178015e-05 0.0 2.873871658301379e-05 0.6237397285448544 0.2271293720795124 1.667512077614327e-05 0.02325338346663681 27.49437233761476 8.814808777606679 0.0 -5036.379169865995 -5143.762768187343 -0.8304267518837841
0.0188690591597604 0.01084441534052956 0.0 1.253802505527152 98756.86133315656 0.0 0.0 0.0 274.3941834424067 2.405215333595774e-05 0.0 2.853700581051534e-05 0.6194661378452782 0.2263976141152609 1.667512077614327e-05 0.02325338346663681 27.18797517556913 8.47393036341464 0.0 -4974.729983239286 -5076.672295414306 -0.8283753472776696
0.01994868131948303 0.01117634357837661 0.0 1.253831155612583 98759.11798243075 0.0 0.0 0.0 274.3941834424067 2.391827447320573e-05 0.0 2.837632819653456e-05 0.6160524232945965 0.2258528842025815 1.667512077614327e-05 0.02325338346663681 26.95076829480023 8.179358657457556 0.0 -4919.558131831968 -5017.720882442909 -0.827013412781073
0.0210516877998569 0.01150678816199535 0.0 1.253836529278242 98759.54124395075 0.0 0.0 0.0 274.3941834424067 2.383774871262092e-05 0.0 2.827941920308403e-05 0.6134673192415927 0.2258164974366023 1.667512077614327e-05 0.02325338346663681 26.78319533092394 7.917002541277585 0.0 -4872.050340300604 -4976.152773315031 -0.8267579657021825
0.02217829190984087 0.01183537295929792 0.0 1.253824099809775 98758.56222589298 0.0 0.0 0.0 274.3941834424067 2.373588372725573e-05 0.0 2.815640161547866e-05 0.6110658932791573 0.2252872545248294 1.667512077614327e-05 0.02325338346663681 26.62929385654732 7.66736275343363 0.0 -4825.169118536419 -4923.338218373984 -0.8273488233427193
0.02332851458163595 0.01216232084095026 0.0 1.253801244109047 98756.76197644576 0.0 0.0 0.0 274.3941834424067 2.365907516145502e-05 0.0 2.806334745575279e-05 0.6090531021527812 0.2249865913167654 1.667512077614327e-05 0.02325338346663681 26.50600433265594 7.437192258595445 0.0 -4782.724134201471 -4878.401207783707 -0.8284353111069837
0.02450247481119893 0.01248748192737271 0.0 1.253761823205494 98753.65695417262 0.0 0.0 0.0 274.3941834424067 2.361213199698114e-05 0.0 2.800590349747202e-05 0.6071906796934289 0.2250896528483294 1.667512077614327e-05 0.02325338346663681 26.39562863355559 7.209504154457552 0.0 -4743.137205067725 -4846.894328692251 -0.8303092562498381
0.02570042961170298 0.0128101367643857 0.0 1.253719620777779 98750.33284269298 0.0 0.0 0.0 274.3941834424067 2.350683303873047e-05 0.0 2.787811745453267e-05 0.605002966086432 0.2243195291811823 1.667512077614327e-05 0.02325338346663681 26.25512452078443 6.97915552787885 0.0 -4701.233570300314 -4792.699781643189 -0.8323154262588129
0.02692231318636627 0.0131306934708955 0.0 1.253676517721953 98746.93779244511 0.0 0.0 0.0 274.3941834424067 2.344890330008713e-05 0.0 2.780737846806563e-05 0.6028254153049942 0.2243556970916936 1.667512077614327e-05 0.02325338346663681 26.11249972206 6.757726169627584 0.0 -4660.531426961397 -4760.893137469036 -0.8343644092811799
0.02816825849205871 0.01344876306246544 0.0 1.253628473219982 98743.1535248287 0.0 0.0 0.0 274.3941834424067 2.335468528664075e-05 0.0 2.769284186881869e-05 0.6008227592821932 0.2237165624944033 1.667512077614327e-05 0.02325338346663681 25.98244033244247 6.549236227031616 0.0 -4620.878929640966 -4711.850930108989 -0.8366482930331195
0.02943816081588874 0.0137648224211316 0.0 1.25357332510609 98738.8097349476 0.0 0.0 0.0 274.3941834424067 2.33086434999327e-05 0.0 2.763616937795479e-05 0.599394322001949 0.2236514743005581 1.667512077614327e-05 0.02325338346663681 25.89915332660184 6.362476142433232 0.0 -4586.247243226563 -4679.278650150552 -0.8392698600407595
0.03073209427569921 0.01407859116899674 0.0 1.253500554095603 98733.07786205693 0.0 0.0 0.0 274.3941834424067 2.328022188232895e-05 0.0 2.760032337987047e-05 0.5983649756720526 0.2236898345652548 1.667512077614327e-05 0.02325338346663681 25.85026810479197 6.182766564480092 0.0 -4555.108484573135 -4651.356850524778 -0.8427291638453841
0.03205017118321086 0.01438953724395283 0.0 1.253419432081572 98726.6882149989 0.0 0.0 0.0 274.3941834424067 2.32280021016604e-05 0.0 2.753564891133223e-05 0.5973896891403397 0.2232560985521194 1.667512077614327e-05 0.02325338346663681 25.80527422453566 6.004840058207233 0.0 -4524.48769976452 -4612.278740224315 -0.8465854479604871
0.03339236571130581 0.01469761982886283 0.0 1.253329903112958 98719.6363867407 0.0 0.0 0.0 274.3941834424067 2.321998517071376e-05 0.0 2.752400223012361e-05 0.5965059011327862 0.2235167783438505 1.667512077614327e-05 0.02325338346663681 25.76829599565748 5.824366221737122 0.0 -4496.822454713762 -4592.892025989868 -0.8508413721214768
0.03475886445201212 0.01500176452569687 0.0 1.253237610262369 98712.3668588785 0.0 0.0 0.0 274.3941834424067 2.316297843626055e-05 0.0 2.745333592406017e-05 0.5951484795066643 0.2231302182751989 1.667512077614327e-05 0.02325338346663681 25.69066851584572 5.630099404944428 0.0 -4466.141824827371 -4557.404687485466 -0.8552286824947608
0.03614961249751242 0.01530184160442824 0.0 1.253153743149187 98705.76099166225 0.0 0.0 0.0 274.3941834424067 2.309808564938711e-05 0.0 2.737338177173858e-05 0.5934379520593521 0.222773103971669 1.667512077614327e-05 0.02325338346663681 25.58014409128216 5.435800347470813 0.0 -4432.744021499318 -4522.257269714561 -0.8592154599460212
0.03756448974513753 0.0155979371980239 0.0 1.253070561478967 98699.20911396605 0.0 0.0 0.0 274.3941834424067 2.304780710435145e-05 0.0 2.731104210814808e-05 0.5920514901454552 0.2225604836374929 1.667512077614327e-05 0.02325338346663681 25.49556045906591 5.253304495411872 0.0 -4402.828675150824 -4491.227492891249 -0.8631696536056175
0.03900341873923428 0.01588984494118407 0.0 1.252980141945294 98692.08713956465 0.0 0.0 0.0 274.3941834424067 2.301550445347557e-05 0.0 2.727017946247888e-05 0.5909662605290225 0.2225236406540402 1.667512077614327e-05 0.02325338346663681 25.43618173604106 5.076399744091937 0.0 -4375.433368933535 -4465.813062733419 -0.8674679124144078
0.04046635969863409 0.01617705865518758 0.0 1.252884034885755 98684.51718216692 0.0 0.0 0.0 274.3941834424067 2.297360206330697e-05 0.0 2.721765104625793e-05 0.5899873338202916 0.2222576726855624 1.667512077614327e-05 0.02325338346663681 25.38527159639391 4.901113977656558 0.0 -4348.724765973138 -4435.457941948976 -0.8720365382242115
0.04195319123396259 0.01645934061987412 0.0 1.252783153262487 98676.57115204155 0.0 0.0 0.0 274.3941834424067 2.295078938391534e-05 0.0 2.718798764885558e-05 0.5891679799607695 0.2222337987692078 1.667512077614327e-05 0.02325338346663681 25.34763703214134 4.726179498465851 0.0 -4324.298785827779 -4412.201639514052 -0.8768321317010153
0.04346386328201134 0.01673594461423212 0.0 1.252677649709696 98668.26107155661 0.0 0.0 0.0 274.3941834424067 2.292345956164747e-05 0.0 2.715279535355382e-05 0.5882115886943994 0.22217747794385 1.667512077614327e-05 0.02325338346663681 25.29853185141843 4.542377294578179 0.0 -4299.687510354414 -4388.993247507834 -0.8818474370971072
0.0449983000474518 0.01700607173607446 0.0 1.252576829553079 98660.31988290635 0.0 0.0 0.0 274.3941834424067 2.287023911360198e-05 0.0 2.708658025879941e-05 0.5869376137110203 0.2218009275421099 1.667512077614327e-05 0.02325338346663681 25.22172071047524 4.349862328954301 0.0 -4273.737015147768 -4357.959527113266 -0.886640108643579
0.04655633126213113 0.0172692619321262 0.0 1.252482119689031 98652.85997684502 0.0 0.0 0.0 274.3941834424067 2.283071396415366e-05 0.0 2.703697895262607e-05 0.5853157569150191 0.2218220550554847 1.667512077614327e-05 0.02325338346663681 25.11471005558207 4.147064657868808 0.0 -4246.822492102488 -4336.95887218343 -0.8911423161963838
0.04813785575283564 0.01752445281591085 0.0 1.252399834520374 98646.37871288597 0.0 0.0 0.0 274.3941834424067 2.273955624273219e-05 0.0 2.692558982980016e-05 0.5831656610305946 0.2212046218119377 1.667512077614327e-05 0.02325338346663681 24.96163990766046 3.935417688106756 0.0 -4216.704708388865 -4299.801357389215 -0.8950538930055675
0.04974257915317316 0.01777155319164989 0.0 1.252333004057712 98641.11475248962 0.0 0.0 0.0 274.3941834424067 2.266171282005761e-05 0.0 2.683056502254981e-05 0.580726432122173 0.2209736339387862 1.667512077614327e-05 0.02325338346663681 24.78238584679013 3.722787673754258 0.0 -4185.551201564967 -4271.784544355823 -0.8982308019450734
0.05137025823099424 0.0180099701546601 0.0 1.252277580467519 98636.74926447448 0.0 0.0 0.0 274.3941834424067 2.256263561387259e-05 0.0 2.671028780456037e-05 0.5781353339872688 0.2204745216066072 1.667512077614327e-05 0.02325338346663681 24.58923679058647 3.510416801715049 0.0 -4154.182042493292 -4237.288004468618 -0.9008654642252536
0.05302056662946442 0.01823946960729255 0.0 1.252233834190053 98633.30355030611 0.0 0.0 0.0 274.3941834424067 2.246566984325286e-05 0.0 2.659282307392185e-05 0.5753981828398267 0.2200984415396035 1.667512077614327e-05 0.02325338346663681 24.38244089413156 3.301132374435435 0.0 -4121.820575113435 -4205.7406538482 -0.9029450239711939
0.05469315571565077 0.01845979809559147 0.0 1.252198992956948 98630.55924981924 0.0 0.0 0.0 274.3941834424067 2.23610812891224e-05 0.0 2.646641218630129e-05 0.5727618017484216 0.2195658484558159 1.667512077614327e-05 0.02325338346663681 24.18300640570919 3.099029856884845 0.0 -4090.430596841702 -4170.684543458556 -0.9046012660575659
0.05638762338520956 0.01867090225096322 0.0 1.252167783808714 98628.10103370393 0.0 0.0 0.0 274.3941834424067 2.227959733736359e-05 0.0 2.636785479279699e-05 0.5703701355317754 0.2193388195968343 1.667512077614327e-05 0.02325338346663681 24.00342084444718 2.90248246706445 0.0 -4061.386868403632 -4143.634055444406 -0.9060848503104756
0.05810361753356067 0.01887214002469307 0.0 1.252138248682497 98625.77467341078 0.0 0.0 0.0 274.3941834424067 2.219099604564335e-05 0.0 2.626079809298898e-05 0.5680288623332116 0.2189531153817434 1.667512077614327e-05 0.02325338346663681 23.82771973403494 2.705691137027229 0.0 -4033.097448448257 -4113.673651646471 -0.9074888568483979
0.05984073853785606 0.01906295704952352 0.0 1.252114670438321 98623.91751219098 0.0 0.0 0.0 274.3941834424067 2.210133870272552e-05 0.0 2.615261497610243e-05 0.5655824514384827 0.2185878417076364 1.667512077614327e-05 0.02325338346663681 23.64272646795252 2.506920201444327 0.0 -4004.879618772698 -4084.678755469338 -0.9086096920441524
0.06159856916380297 0.01924266353442585 0.0 1.252098900051854 98622.67534377723 0.0 0.0 0.0 274.3941834424067 2.200687102724779e-05 0.0 2.603883515306328e-05 0.5628572491931473 0.218263896917346 1.667512077614327e-05 0.02325338346663681 23.43413405136624 2.30340633995878 0.0 -3975.573011405769 -4056.924822548997 -0.9093593663655547
0.06337666807962986 0.01941044016922024 0.0 1.252097165137882 98622.53869174646 0.0 0.0 0.0 274.3941834424067 2.188370611636229e-05 0.0 2.589090884995007e-05 0.559759621719491 0.217609390712252 1.667512077614327e-05 0.02325338346663681 23.19411847595724 2.097375011110314 0.0 -3944.417786552757 -4021.310619306497 -0.9094418386916072
0.06517451175983972 0.01956594424765955 0.0 1.252110239075716 98623.56847200294 0.0 0.0 0.0 274.3941834424067 2.176857595581804e-05 0.0 2.575295810442262e-05 0.5563570356423302 0.2172571237283076 1.667512077614327e-05 0.02325338346663681 22.92855738854672 1.889826621819759 0.0 -3912.300233862446 -3992.546334981572 -0.9088203450145668
0.06699159149070658 0.01970829600809009 0.0 1.252140025135551 98625.91459730406 0.0 0.0 0.0 274.3941834424067 2.161896643550956e-05 0.0 2.557398105871107e-05 0.5525636019013018 0.2164866301531209 1.667512077614327e-05 0.02325338346663681 22.63086140724414 1.681319562237053 0.0 -3878.235776773831 -3953.976051608122 -0.9074044098856667
0.06882731523450215 0.01983721503087236 0.0 1.25218889654838 98629.76399728419 0.0 0.0 0.0 274.3941834424067 2.147123696139319e-05 0.0 2.539767459976315e-05 0.5484000080169207 0.2159439238746545 1.667512077614327e-05 0.02325338346663681 22.30305395495458 1.474456743133482 0.0 -3842.412320971885 -3920.173162426377 -0.9050812174055161
0.07068108389847028 0.01995208836879514 0.0 1.252256603491802 98635.09699446145 0.0 0.0 0.0 274.3941834424067 2.129724499404852e-05 0.0 2.51902521933605e-05 0.5439126484965254 0.2150980168993682 1.667512077614327e-05 0.02325338346663681 21.94963469171786 1.270541339670972 0.0 -3805.07576626811 -3879.386801601182 -0.9018626433412886
0.07255224365306662 0.02005269907679769 0.0 1.252343984286883 98641.97961993472 0.0 0.0 0.0 274.3941834424067 2.112306563011956e-05 0.0 2.498302110788825e-05 0.5391819757465854 0.214391214747449 1.667512077614327e-05 0.02325338346663681 21.57760542840182 1.071034242255413 0.0 -3767.175388354198 -3841.581543556905 -0.8977088365595207
0.07444012936697642 0.02013853414349963 0.0 1.252449400373489 98650.28281106839 0.0 0.0 0.0 274.3941834424067 2.093529284288255e-05 0.0 2.475985499606965e-05 0.5340715573913348 0.2136232810752213 1.667512077614327e-05 0.02325338346663681 21.17682652660924 0.8748065487711262 0.0 -3727.293345909368 -3802.404590000316 -0.8926976890293651
0.07634403977893081 0.0202091751998516 0.0 1.252577392087986 98660.36419146498 0.0 0.0 0.0 274.3941834424067 2.071713222979927e-05 0.0 2.450069463030976e-05 0.5286284237370507 0.2124782260219046 1.667512077614327e-05 0.02325338346663681 20.7517264201786 0.6868679184306842 0.0 -3685.677588007505 -3754.925188803539 -0.8866133675122994
0.07826322527427497 0.02026491577495835 0.0 1.252724169949932 98671.92527935168 0.0 0.0 0.0 274.3941834424067 2.052148617332512e-05 0.0 2.426891791512636e-05 0.5230881241979649 0.2118229283713061 1.667512077614327e-05 0.02325338346663681 20.32150412857256 0.5075239094541901 0.0 -3644.46029398256 -3718.218155501081 -0.8796360119297684
1 2
2 3
3 4
4 5
5 6
6 7
7 8
8 9
9 10
10 11
11 12
12 13
13 14
14 15
15 16
16 17
17 18
18 19
19 20
20 21
21 22
22 23
23 24
24 25
25 26
26 27
27 28
28 29
29 30
30 31
31 32
32 33
33 34
34 35
35 36
36 37
37 38
38 39
39 40
40 41
41 42
42 43
43 44
44 45
45 46
46 47
47 48
48 49
49 50
50 51
51 52
52 53
53 54
54 55
55 56
56 57
57 58
58 59
59 60
60 61
61 62
62 63
63 64
64 65
65 66
66 67
67 68
68 69
69 70
70 71
71 72
72 73
73 74
74 75
75 76
76 77
77 78
78 79
79 80
80 81
81 82
82 83
83 84
84 85
85 86
86 87
87 88
88 89
89 90
90 91
91 92
92 93
93 94
94 95
95 96
96 97
97 98
98 99
99 100
100 101
101 102
102 103
103 104
104 105
105 106
106 107
107 108
108 109
109 110
110 111
111 112
112 113
113 114
114 115
115 116
116 117
117 118
118 119
119 120
120 121
121 122
122 123
123 124
124 125
125 126
126 127
127 128
128 129
129 130
130 131
131 132
133 134
134 135
135 136
136 137
137 138
138 139
139 140
140 141
141 142
142 143
143 144
144 145
145 146
146 147
147 148
148 149
149 150
150 151
151 152
152 153
153 154
154 155
155 156
156 157
157 158
158 159
159 160
160 161
161 162
162 163
163 164
164 165
165 166
166 167
167 168
168 169
169 170
170 171
171 172
172 173
173 174
174 175
175 176
176 177
177 178
178 179
179 180
180 181
181 182
182 183
183 184
184 185
185 186
186 187
187 188
188 189
189 190
190 191
191 192
192 193
193 194
194 195
195 196
196 197
197 198
198 199
199 200
200 201
201 202
202 203
203 204
204 205
205 206
206 207
207 208
208 209
209 210
210 211
211 212
212 213
213 214
214 215
215 216
216 217
217 218
218 219
219 220
220 221
221 222
222 223
223 224
224 225
225 226
226 227
227 228
228 229
229 230
230 231
231 232
232 233
233 234
234 235
235 236
236 237
237 238
238 239
239 240
240 241
241 242
242 243
243 244
244 245
245 246
246 247
247 248
248 249
249 250
250 251
251 252
252 253
253 254
254 255
255 256
256 257
257 258
258 259
259 260
260 261
132 133
261 1
